-1.500 1.500 0.000 0.000 0.000 0.000 0.000 0.000 0.000 0.000 0.000
-1.500 1.500 0.000 0.000 0.000 0.006 0.000 0.000 0.250 0.000 0.000
-1.500 1.500 0.001 0.000 0.000 0.025 0.000 0.000 0.500 0.000 0.000
-1.500 1.500 0.003 0.000 0.000 0.056 0.000 0.000 0.750 0.000 0.000
-1.500 1.500 0.007 0.000 0.000 0.100 0.000 0.000 1.000 0.000 0.000
-1.500 1.500 0.013 0.000 0.000 0.156 0.000 0.000 1.250 0.000 0.000
-1.500 1.500 0.023 0.000 0.000 0.225 0.000 0.000 1.500 0.000 0.000
-1.500 1.500 0.036 0.000 0.000 0.301 0.000 0.000 1.412 0.000 0.000
-1.500 1.500 0.052 0.000 0.000 0.365 0.000 0.000 1.162 0.000 0.000
-1.500 1.500 0.072 0.000 0.000 0.417 0.000 0.000 0.912 0.000 0.000
-1.500 1.500 0.094 0.000 0.000 0.456 0.000 0.000 0.662 0.000 0.000
-1.500 1.500 0.117 0.000 0.000 0.483 0.000 0.000 0.412 0.000 0.000
-1.500 1.500 0.142 0.000 0.000 0.497 0.000 0.000 0.162 0.000 0.000
-1.500 1.500 0.167 0.000 0.000 0.500 0.000 0.000 0.000 0.000 0.000
-1.500 1.500 0.192 0.000 0.000 0.500 0.000 0.000 0.000 0.000 0.000
-1.500 1.500 0.217 0.000 0.000 0.500 0.000 0.000 0.000 0.000 0.000
-1.500 1.500 0.242 0.000 0.000 0.500 0.000 0.000 0.000 0.000 0.000
-1.500 1.500 0.267 0.000 0.000 0.500 0.000 0.000 0.000 0.000 0.000
-1.500 1.500 0.292 0.000 0.000 0.500 0.000 0.000 0.000 0.000 0.000
-1.500 1.500 0.317 0.000 0.000 0.500 0.000 0.000 0.000 0.000 0.000
-1.500 1.500 0.342 0.000 0.000 0.500 0.000 0.000 0.000 0.000 0.000
-1.500 1.500 0.367 0.000 0.000 0.500 0.000 0.000 0.000 0.000 0.000
-1.500 1.500 0.392 0.000 0.000 0.500 0.000 0.000 0.000 0.000 0.000
-1.500 1.500 0.417 0.000 0.000 0.500 0.000 0.000 0.000 0.000 0.000
-1.500 1.500 0.442 0.000 0.000 0.500 0.000 0.000 0.000 0.000 0.000
-1.500 1.500 0.467 0.000 0.000 0.500 0.000 0.000 0.000 0.000 0.000
-1.500 1.500 0.492 0.000 0.000 0.500 0.000 0.000 0.000 0.000 0.000
-1.500 1.500 0.517 0.000 0.000 0.500 0.000 0.000 0.000 0.000 0.000
-1.500 1.500 0.542 0.000 0.000 0.500 0.000 0.000 0.000 0.000 0.000
-1.500 1.500 0.567 0.000 0.000 0.500 0.000 0.000 0.000 0.000 0.000
-1.500 1.500 0.592 0.000 0.000 0.500 0.000 0.000 0.000 0.000 0.000
-1.500 1.500 0.617 0.000 0.000 0.500 0.000 0.000 0.000 0.000 0.000
-1.500 1.500 0.642 0.000 0.000 0.500 0.000 0.000 0.000 0.000 0.000
-1.500 1.500 0.667 0.000 0.000 0.500 0.000 0.000 0.000 0.000 0.000
-1.500 1.500 0.692 0.000 0.000 0.500 0.000 0.000 0.000 0.000 0.000
-1.500 1.500 0.717 0.000 0.000 0.500 0.000 0.000 0.000 0.000 0.000
-1.500 1.500 0.742 0.000 0.000 0.497 0.000 0.000 -0.169 0.000 0.000
-1.500 1.500 0.766 0.000 0.000 0.482 0.000 0.000 -0.419 0.000 0.000
-1.500 1.500 0.790 0.000 0.000 0.458 0.000 0.000 -0.500 0.000 0.000
-1.500 1.500 0.812 0.000 0.000 0.433 0.000 0.000 -0.500 0.000 0.000
-1.500 1.500 0.833 0.000 0.000 0.408 0.000 0.000 -0.500 0.000 0.000
-1.500 1.500 0.853 0.000 0.000 0.383 0.000 0.000 -0.500 0.000 0.000
-1.500 1.500 0.872 0.000 0.000 0.358 0.000 0.000 -0.500 0.000 0.000
-1.500 1.500 0.889 0.000 0.000 0.333 0.000 0.000 -0.500 0.000 0.000
-1.500 1.500 0.905 0.000 0.000 0.308 0.000 0.000 -0.500 0.000 0.000
-1.500 1.500 0.920 0.000 0.000 0.283 0.000 0.000 -0.500 0.000 0.000
-1.500 1.500 0.933 0.000 0.000 0.258 0.000 0.000 -0.500 0.000 0.000
-1.500 1.500 0.945 0.000 0.000 0.233 0.000 0.000 -0.500 0.000 0.000
-1.500 1.500 0.956 0.000 0.000 0.208 0.000 0.000 -0.500 0.000 0.000
-1.500 1.500 0.966 0.000 0.000 0.183 0.000 0.000 -0.500 0.000 0.000
-1.500 1.500 0.975 0.000 0.000 0.158 0.000 0.000 -0.500 0.000 0.000
-1.500 1.500 0.982 0.000 0.000 0.133 0.000 0.000 -0.500 0.000 0.000
-1.500 1.500 0.988 0.000 0.000 0.108 0.000 0.000 -0.500 0.000 0.000
-1.500 1.500 0.993 0.000 0.000 0.083 0.000 0.000 -0.500 0.000 0.000
-1.500 1.500 0.996 0.000 0.000 0.058 0.000 0.000 -0.500 0.000 0.000
-1.500 1.500 0.999 0.000 0.000 0.033 0.000 0.000 -0.500 0.000 0.000
-1.500 1.500 1.000 0.000 0.000 0.011 0.000 0.000 -0.331 0.000 0.000
-1.500 1.500 1.000 0.000 0.000 0.001 0.000 0.000 -0.081 0.000 0.000
-1.500 1.500 1.000 0.000 0.000 0.000 0.000 -0.000 0.000 0.000 0.000
-1.500 1.500 1.000 0.000 0.000 0.000 0.000 -0.000 0.000 0.000 0.000
-1.500 1.500 1.000 0.000 0.000 0.000 0.000 -0.000 0.000 0.000 0.000
-1.500 1.500 1.000 0.000 0.000 0.000 0.000 -0.000 0.000 0.000 0.000
-1.500 1.500 1.000 0.000 0.000 0.000 0.000 -0.000 0.000 0.000 0.000
-1.500 1.500 1.000 0.000 0.000 0.000 0.000 -0.000 0.000 0.000 0.000
-1.500 1.500 1.000 0.000 0.000 0.000 0.000 -0.000 0.000 0.000 0.000
-1.500 1.500 1.000 0.000 0.000 0.000 0.000 -0.000 0.000 0.000 0.000
-1.500 1.500 1.000 0.000 0.000 0.000 0.000 -0.000 0.000 0.000 0.000
-1.500 1.500 1.000 0.000 0.000 0.000 0.000 -0.000 0.000 0.000 0.000
-1.500 1.500 1.000 0.000 0.000 0.000 0.000 -0.000 0.000 0.000 0.000
-1.500 1.500 1.000 0.000 0.000 0.000 0.000 -0.000 0.000 0.000 0.000
-1.500 1.500 1.000 0.000 0.000 0.000 0.000 -0.000 0.000 0.000 0.000
-1.500 1.500 1.000 0.000 0.000 0.000 0.000 -0.000 0.000 0.000 0.000
-1.500 1.500 1.000 0.000 0.000 0.000 0.000 -0.000 0.000 0.000 0.000
-1.500 1.500 1.000 0.000 0.000 0.000 0.000 -0.000 0.000 0.000 0.000
-1.500 1.500 1.000 0.000 0.000 0.000 0.000 -0.000 0.000 0.000 0.000
-1.500 1.500 1.000 0.000 0.000 0.000 0.000 -0.000 0.000 0.000 0.000
-1.500 1.500 1.000 0.000 0.000 0.000 0.000 -0.000 0.000 0.000 0.000
-1.500 1.500 1.000 0.000 0.000 0.000 0.000 -0.000 0.000 0.000 0.000
-1.500 1.500 1.000 0.000 0.000 0.000 0.000 -0.000 0.000 0.000 0.000
-1.500 1.500 1.000 0.000 0.000 0.000 0.000 -0.000 0.000 0.000 0.000
-1.500 1.500 1.000 0.000 0.000 0.000 0.000 -0.000 0.000 0.000 0.000
-1.500 1.500 1.000 0.000 0.000 0.000 0.000 -0.000 0.000 0.000 0.000
-1.500 1.500 1.000 0.000 0.000 0.000 0.000 -0.000 0.000 0.000 0.000
-1.500 1.500 1.000 0.000 0.000 0.000 0.000 -0.000 0.000 0.000 0.000
-1.500 1.500 1.000 0.000 0.000 0.000 0.000 -0.000 0.000 0.000 0.000
-1.500 1.500 1.000 0.000 0.000 0.000 0.000 -0.000 0.000 0.000 0.000
-1.500 1.500 1.000 0.000 0.000 0.000 0.000 -0.000 0.000 0.000 0.000
-1.500 1.500 1.000 0.000 0.000 0.000 0.000 -0.000 0.000 0.000 0.000
-1.500 1.500 1.000 0.000 0.000 0.000 0.000 -0.000 0.000 0.000 0.000
-1.500 1.500 1.000 0.000 0.000 0.000 0.000 -0.000 0.000 0.000 0.000
-1.500 1.500 1.000 0.000 0.000 0.000 0.000 -0.000 0.000 0.000 0.000
-1.500 1.500 1.000 0.000 0.000 0.000 0.000 -0.000 0.000 0.000 0.000
-1.500 1.500 1.000 0.000 0.000 0.000 0.000 -0.000 0.000 0.000 0.000
-1.500 1.500 1.000 0.000 0.000 0.000 0.000 -0.000 0.000 0.000 0.000
-1.500 1.500 1.000 0.000 0.000 0.000 0.000 -0.000 0.000 0.000 0.000
-1.500 1.500 1.000 0.000 0.000 0.000 0.000 -0.000 0.000 0.000 0.000
-1.500 1.500 1.000 0.000 0.000 0.000 0.000 -0.000 0.000 0.000 0.000
-1.500 1.500 1.000 0.000 0.000 0.000 0.000 -0.000 0.000 0.000 0.000
-1.500 1.500 1.000 0.000 0.000 0.000 0.000 -0.000 0.000 0.000 0.000
-1.500 1.500 1.000 0.000 0.000 0.000 0.000 -0.000 0.000 0.000 0.000
-1.500 1.500 1.000 0.000 0.000 0.000 0.000 -0.000 0.000 0.000 0.000
-1.500 1.500 1.000 0.000 0.000 0.000 0.000 -0.000 0.000 0.000 0.000
-1.500 1.500 1.000 0.000 0.000 0.000 0.000 -0.000 0.000 0.000 0.000
-1.500 1.500 1.000 0.000 0.000 0.000 0.000 -0.000 0.000 0.000 0.000
-1.500 1.500 1.000 0.000 0.000 0.000 0.000 -0.000 0.000 0.000 0.000
-1.500 1.500 1.000 0.000 0.000 0.000 0.000 -0.000 0.000 0.000 0.000
-1.500 1.500 1.000 0.000 0.000 0.000 0.000 -0.000 0.000 0.000 0.000
-1.500 1.500 1.000 0.000 0.000 0.000 0.000 -0.000 0.000 0.000 0.000
-1.500 1.500 1.000 0.000 0.000 0.000 0.000 -0.000 0.000 0.000 0.000
-1.500 1.500 1.000 0.000 0.000 0.000 0.000 -0.000 0.000 0.000 0.000
-1.500 1.500 1.000 0.000 0.000 0.000 0.000 -0.000 0.000 0.000 0.000
-1.500 1.500 1.000 0.000 0.000 0.000 0.000 -0.000 0.000 0.000 0.000
-1.500 1.500 1.000 0.000 0.000 0.000 0.000 -0.000 0.000 0.000 0.000
-1.500 1.500 1.000 0.000 0.000 0.000 0.000 -0.000 0.000 0.000 0.000
-1.500 1.500 1.000 0.000 0.000 0.000 0.000 -0.000 0.000 0.000 0.000
-1.500 1.500 1.000 0.000 0.000 0.000 0.000 -0.000 0.000 0.000 0.000
-1.500 1.500 1.000 0.000 0.000 0.000 0.000 -0.000 0.000 0.000 0.000
-1.500 1.500 1.000 0.000 0.000 0.000 0.000 -0.000 0.000 0.000 0.000
-1.500 1.500 1.000 0.000 0.000 0.000 0.000 -0.000 0.000 0.000 0.000
-1.500 1.500 1.000 0.000 0.000 0.000 0.000 -0.000 0.000 0.000 0.000
-1.500 1.500 1.000 0.000 0.000 0.000 0.000 -0.000 0.000 0.000 0.000
-1.500 1.500 1.000 0.000 0.000 0.000 0.000 -0.000 0.000 0.000 0.000
-1.500 1.500 1.000 0.000 0.000 0.000 0.000 -0.000 0.000 0.000 0.000
-1.500 1.500 1.000 0.000 0.000 0.000 0.000 -0.000 0.000 0.000 0.000
-1.500 1.500 1.000 0.000 0.000 0.000 0.000 -0.000 0.000 0.000 0.000
-1.500 1.500 1.000 0.000 0.000 0.000 0.000 -0.000 0.000 0.000 0.000
-1.500 1.500 1.000 0.000 0.000 0.000 0.000 -0.000 0.000 0.000 0.000
-1.500 1.500 1.000 0.000 0.000 0.000 0.000 -0.000 0.000 0.000 0.000
-1.500 1.500 1.000 0.000 0.000 0.000 0.000 -0.000 0.000 0.000 0.000
-1.500 1.500 1.000 0.000 0.000 0.000 0.000 -0.000 0.000 0.000 0.000
-1.500 1.500 1.000 0.000 0.000 0.000 0.000 -0.000 0.000 0.000 0.000
-1.500 1.500 1.000 0.000 0.000 0.000 0.000 -0.000 0.000 0.000 0.000
-1.500 1.500 1.000 0.000 0.000 0.000 0.000 -0.000 0.000 0.000 0.000
-1.500 1.500 1.000 0.000 0.000 0.000 0.000 -0.000 0.000 0.000 0.000
-1.500 1.500 1.000 0.000 0.000 0.000 0.000 -0.000 0.000 0.000 0.000
-1.500 1.500 1.000 0.000 0.000 0.000 0.000 -0.000 0.000 0.000 0.000
-1.500 1.500 1.000 0.000 0.000 0.000 0.000 -0.000 0.000 0.000 0.000
-1.500 1.500 1.000 0.000 0.000 0.000 0.000 -0.000 0.000 0.000 0.000
-1.500 1.500 1.000 0.000 0.000 0.000 0.000 -0.000 0.000 0.000 0.000
-1.500 1.500 1.000 0.000 0.000 0.000 0.000 -0.000 0.000 0.000 0.000
-1.500 1.500 1.000 0.000 0.000 0.000 0.000 -0.000 0.000 0.000 0.000
-1.500 1.500 1.000 0.000 0.000 0.000 0.000 -0.000 0.000 0.000 0.000
-1.500 1.500 1.000 0.000 0.000 0.000 0.000 -0.000 0.000 0.000 0.000
-1.500 1.500 1.000 0.000 0.000 0.000 0.000 -0.000 0.000 0.000 0.000
-1.500 1.500 1.000 0.000 0.000 0.000 0.000 -0.000 0.000 0.000 0.000
-1.500 1.500 1.000 0.000 0.000 0.000 0.000 -0.000 0.000 0.000 0.000
-1.500 1.500 1.000 0.000 0.000 0.000 0.000 -0.000 0.000 0.000 0.000
-1.500 1.500 1.000 0.000 0.000 0.000 0.000 -0.000 0.000 0.000 0.000
-1.500 1.500 1.000 0.000 0.000 0.000 0.000 -0.000 0.000 0.000 0.000
-1.500 1.500 1.000 0.000 0.000 0.000 0.000 -0.000 0.000 0.000 0.000
-1.500 1.500 1.000 0.000 0.000 0.000 0.000 -0.000 0.000 0.000 0.000
-1.500 1.500 1.000 0.000 0.000 0.000 0.000 -0.000 0.000 0.000 0.000
-1.500 1.500 1.000 0.000 0.000 0.000 0.000 -0.000 0.000 0.000 0.000
-1.500 1.500 1.000 0.000 0.000 0.000 0.000 -0.000 0.000 0.000 0.000
-1.500 1.500 1.000 0.000 0.000 0.000 0.000 -0.000 0.000 0.000 0.000
-1.500 1.500 1.000 0.000 0.000 0.000 0.000 -0.000 0.000 0.000 0.000
-1.500 1.500 1.000 0.000 0.000 0.000 0.000 -0.000 0.000 0.000 0.000
-1.500 1.500 1.000 0.000 0.000 0.000 0.000 -0.000 0.000 0.000 0.000
-1.500 1.500 1.000 0.000 0.000 0.000 0.000 -0.000 0.000 0.000 0.000
-1.500 1.500 1.000 0.000 0.000 0.000 0.000 -0.000 0.000 0.000 0.000
-1.500 1.500 1.000 0.000 0.000 0.000 0.000 -0.000 0.000 0.000 0.000
-1.500 1.500 1.000 0.000 0.000 0.000 0.000 -0.000 0.000 0.000 0.000
-1.500 1.500 1.000 0.000 0.000 0.000 0.000 -0.000 0.000 0.000 0.000
-1.500 1.500 1.000 0.000 0.000 0.000 0.000 -0.000 0.000 0.000 0.000
-1.500 1.500 1.000 0.000 0.000 0.000 0.000 -0.000 0.000 0.000 0.000
-1.500 1.500 1.000 0.000 0.000 0.000 0.000 -0.000 0.000 0.000 0.000
-1.500 1.500 1.000 0.000 0.000 0.000 0.000 -0.000 0.000 0.000 0.000
-1.500 1.500 1.000 0.000 0.000 0.000 0.000 -0.000 0.000 0.000 0.000
-1.500 1.500 1.000 0.000 0.000 0.000 0.000 -0.000 0.000 0.000 0.000
-1.500 1.500 1.000 0.000 0.000 0.000 0.000 -0.000 0.000 0.000 0.000
-1.500 1.500 1.000 0.000 0.000 0.000 0.000 -0.000 0.000 0.000 0.000
-1.500 1.500 1.000 0.000 0.000 0.000 0.000 -0.000 0.000 0.000 0.000
-1.500 1.500 1.000 0.000 0.000 0.000 0.000 -0.000 0.000 0.000 0.000
-1.500 1.500 1.000 0.000 0.000 0.000 0.000 -0.000 0.000 0.000 0.000
-1.500 1.500 1.000 0.000 0.000 0.000 0.000 -0.000 0.000 0.000 0.000
-1.500 1.500 1.000 0.000 0.000 0.000 0.000 -0.000 0.000 0.000 0.000
-1.500 1.500 1.000 0.000 0.000 0.000 0.000 -0.000 0.000 0.000 0.000
-1.500 1.500 1.000 0.000 0.000 0.000 0.000 -0.000 0.000 0.000 0.000
-1.500 1.500 1.000 0.000 0.000 0.000 0.000 -0.000 0.000 0.000 0.000
-1.500 1.500 1.000 0.000 0.000 0.000 0.000 -0.000 0.000 0.000 0.000
-1.500 1.500 1.000 0.000 0.000 0.000 0.000 -0.000 0.000 0.000 0.000
-1.500 1.500 1.000 0.000 0.000 0.000 0.000 -0.000 0.000 0.000 0.000
-1.500 1.500 1.000 0.000 0.000 0.000 0.000 -0.000 0.000 0.000 0.000
-1.500 1.500 1.000 0.000 0.000 0.000 0.000 -0.000 0.000 0.000 0.000
-1.500 1.500 1.000 0.000 0.000 0.000 0.000 -0.000 0.000 0.000 0.000
-1.500 1.500 1.000 0.000 0.000 0.000 0.000 -0.000 0.000 0.000 0.000
-1.500 1.500 1.000 0.000 0.000 0.000 0.000 -0.000 0.000 0.000 0.000
-1.500 1.500 1.000 0.000 0.000 0.000 0.000 -0.000 0.000 0.000 0.000
-1.500 1.500 1.000 0.000 0.000 0.000 0.000 -0.000 0.000 0.000 0.000
-1.500 1.500 1.000 0.000 0.000 0.000 0.000 -0.000 0.000 0.000 0.000
-1.500 1.500 1.000 0.000 0.000 0.000 0.000 -0.000 0.000 0.000 0.000
-1.500 1.500 1.000 0.000 0.000 0.000 0.000 -0.000 0.000 0.000 0.000
-1.500 1.500 1.000 0.000 0.000 0.000 0.000 -0.000 0.000 0.000 0.000
-1.500 1.500 1.000 0.000 0.000 0.000 0.000 -0.000 0.000 0.000 0.000
-1.500 1.500 1.000 0.000 0.000 0.000 0.000 -0.000 0.000 0.000 0.000
-1.500 1.500 1.000 0.000 0.000 0.000 0.000 -0.000 0.000 0.000 0.000
-1.500 1.500 1.000 0.000 0.000 0.000 0.000 -0.000 0.000 0.000 0.000
-1.500 1.500 1.000 0.000 0.000 0.000 0.000 -0.000 0.000 0.000 0.000
-1.500 1.500 1.000 0.000 0.000 0.000 0.000 -0.000 0.000 0.000 0.000
-1.500 1.500 1.000 0.000 0.000 0.000 0.000 -0.000 0.000 0.000 0.000
-1.500 1.500 1.000 0.000 0.000 0.000 0.000 -0.000 0.000 0.000 0.000
-1.500 1.500 1.000 0.000 0.000 0.000 0.000 -0.000 0.000 0.000 0.000
-1.500 1.500 1.000 0.000 0.000 0.000 0.000 -0.000 0.000 0.000 0.000
-1.500 1.500 1.000 0.000 0.000 0.000 0.000 -0.000 0.000 0.000 0.000
-1.500 1.500 1.000 0.000 0.000 0.000 0.000 -0.000 0.000 0.000 0.000
-1.500 1.500 1.000 0.000 0.000 0.000 0.000 -0.000 0.000 0.000 0.000
-1.500 1.500 1.000 0.000 0.000 0.000 0.000 -0.000 0.000 0.000 0.000
-1.500 1.500 1.000 0.000 0.000 0.000 0.000 -0.000 0.000 0.000 0.000
-1.500 1.500 1.000 0.000 0.000 0.000 0.000 -0.000 0.000 0.000 0.000
-1.500 1.500 1.000 0.000 0.000 0.000 0.000 -0.000 0.000 0.000 0.000
-1.500 1.500 1.000 0.000 0.000 0.000 0.000 -0.000 0.000 0.000 0.000
-1.500 1.500 1.000 0.000 0.000 0.000 0.000 -0.000 0.000 0.000 0.000
-1.500 1.500 1.000 0.000 0.000 0.000 0.000 -0.000 0.000 0.000 0.000
-1.500 1.500 1.000 0.000 0.000 0.000 0.000 -0.000 0.000 0.000 0.000
-1.500 1.500 1.000 0.000 0.000 0.000 0.000 -0.000 0.000 0.000 0.000
-1.500 1.500 1.000 0.000 0.000 0.000 0.000 -0.000 0.000 0.000 0.000
-1.500 1.500 1.000 0.000 0.000 0.000 0.000 -0.000 0.000 0.000 0.000
-1.500 1.500 1.000 0.000 0.000 0.000 0.000 -0.000 0.000 0.000 0.000
-1.500 1.500 1.000 0.000 0.000 0.000 0.000 -0.000 0.000 0.000 0.000
-1.500 1.500 1.000 0.000 0.000 0.000 0.000 -0.000 0.000 0.000 0.000
-1.500 1.500 1.000 0.000 0.000 0.000 0.000 -0.000 0.000 0.000 0.000
-1.500 1.500 1.000 0.000 0.000 0.000 0.000 -0.000 0.000 0.000 0.000
-1.500 1.500 1.000 0.000 0.000 0.000 0.000 -0.000 0.000 0.000 0.000
-1.500 1.500 1.000 0.000 0.000 0.000 0.000 -0.000 0.000 0.000 0.000
-1.500 1.500 1.000 0.000 0.000 0.000 0.000 -0.000 0.000 0.000 0.000
-1.500 1.500 1.000 0.000 0.000 0.000 0.000 -0.000 0.000 0.000 0.000
-1.500 1.500 1.000 0.000 0.000 0.000 0.000 -0.000 0.000 0.000 0.000
-1.500 1.500 1.000 0.000 0.000 0.000 0.000 -0.000 0.000 0.000 0.000
-1.500 1.500 1.000 0.000 0.000 0.000 0.000 -0.000 0.000 0.000 0.000
-1.500 1.500 1.000 0.000 0.000 0.000 0.000 -0.000 0.000 0.000 0.000
-1.500 1.500 1.000 0.000 0.000 0.000 0.000 -0.000 0.000 0.000 0.000
-1.500 1.500 1.000 0.000 0.000 0.000 0.000 -0.000 0.000 0.000 0.000
-1.500 1.500 1.000 0.000 0.000 0.000 0.000 -0.000 0.000 0.000 0.000
-1.500 1.500 1.000 0.000 0.000 0.000 0.000 -0.000 0.000 0.000 0.000
-1.500 1.500 1.000 0.000 0.000 0.000 0.000 -0.000 0.000 0.000 0.000
-1.500 1.500 1.000 0.000 0.000 0.000 0.000 -0.000 0.000 0.000 0.000
-1.500 1.500 1.000 0.000 0.000 0.000 0.000 -0.000 0.000 0.000 0.000
-1.500 1.500 1.000 0.000 0.000 0.000 0.000 -0.000 0.000 0.000 0.000
-1.500 1.500 1.000 0.000 0.000 0.000 0.000 -0.000 0.000 0.000 0.000
-1.500 1.500 1.000 0.000 0.000 0.000 0.000 -0.000 0.000 0.000 0.000
-1.500 1.500 1.000 0.000 0.000 0.000 0.000 -0.000 0.000 0.000 0.000
-1.500 1.500 1.000 0.000 0.000 0.000 0.000 -0.000 0.000 0.000 0.000
-1.500 1.500 1.000 0.000 0.000 0.000 0.000 -0.000 0.000 0.000 0.000
-1.500 1.500 1.000 0.000 0.000 0.000 0.000 -0.000 0.000 0.000 0.000
-1.500 1.500 1.000 0.000 0.000 0.000 0.000 -0.000 0.000 0.000 0.000
-1.500 1.500 1.000 0.000 0.000 0.000 0.000 -0.000 0.000 0.000 0.000
-1.500 1.500 1.000 0.000 0.000 0.000 0.000 -0.000 0.000 0.000 0.000
-1.500 1.500 1.000 0.000 0.000 0.000 0.000 -0.000 0.000 0.000 0.000
-1.500 1.500 1.000 0.000 0.000 0.000 0.000 -0.000 0.000 0.000 0.000
-1.500 1.500 1.000 0.000 0.000 0.000 0.000 -0.000 0.000 0.000 0.000
-1.500 1.500 1.000 0.000 0.000 0.000 0.000 -0.000 0.000 0.000 0.000
-1.500 1.500 1.000 0.000 0.000 0.000 0.000 -0.000 0.000 0.000 0.000
-1.500 1.500 1.000 0.000 0.000 0.000 0.000 -0.000 0.000 0.000 0.000
-1.500 1.500 1.000 0.000 0.000 0.000 0.000 -0.000 0.000 0.000 0.000
-1.500 1.500 1.000 0.000 0.000 0.000 0.000 -0.000 0.000 0.000 0.000
-1.500 1.500 1.000 0.000 0.000 0.000 0.000 -0.000 0.000 0.000 0.000
-1.500 1.500 1.000 0.000 0.000 0.000 0.000 -0.000 0.000 0.000 0.000
-1.500 1.500 1.000 0.000 0.000 0.000 0.000 -0.000 0.000 0.000 0.000
-1.500 1.500 1.000 0.000 -0.000 0.000 0.002 -0.001 0.000 0.000 0.000
-1.500 1.500 1.000 0.000 -0.000 0.000 0.007 -0.005 0.000 0.000 0.000
-1.500 1.500 1.000 0.001 -0.001 0.000 0.015 -0.011 0.000 0.000 0.000
-1.500 1.500 1.000 0.002 -0.001 0.000 0.026 -0.019 0.000 0.000 0.000
-1.500 1.500 1.000 0.003 -0.002 0.000 0.039 -0.029 0.000 0.000 0.000
-1.500 1.500 1.000 0.006 -0.004 0.000 0.053 -0.040 0.000 0.000 0.000
-1.499 1.499 1.000 0.009 -0.006 0.000 0.070 -0.052 0.000 0.000 0.000
-1.499 1.499 1.000 0.013 -0.009 0.000 0.088 -0.065 0.000 0.000 0.000
-1.498 1.498 1.000 0.018 -0.013 0.000 0.107 -0.079 0.000 0.000 0.000
-1.497 1.498 1.000 0.023 -0.017 0.000 0.127 -0.094 0.000 0.000 0.000
-1.496 1.497 1.000 0.030 -0.022 0.000 0.148 -0.109 0.000 0.000 0.000
-1.494 1.495 1.000 0.038 -0.028 0.000 0.169 -0.124 0.000 0.000 0.000
-1.492 1.494 1.000 0.047 -0.035 0.000 0.190 -0.140 0.000 0.000 0.000
-1.489 1.492 1.000 0.057 -0.042 0.000 0.212 -0.156 0.000 0.000 0.000
-1.486 1.490 1.000 0.068 -0.050 0.000 0.233 -0.171 0.000 0.000 0.000
-1.482 1.487 1.000 0.081 -0.059 0.000 0.254 -0.186 0.000 0.000 0.000
-1.478 1.484 1.000 0.094 -0.069 0.000 0.274 -0.201 0.000 0.000 0.000
-1.473 1.480 1.000 0.108 -0.079 0.000 0.294 -0.215 0.000 0.000 0.000
-1.467 1.476 1.000 0.123 -0.090 0.000 0.313 -0.229 0.000 0.000 0.000
-1.461 1.471 1.000 0.139 -0.102 0.000 0.331 -0.242 0.000 0.000 0.000
-1.453 1.466 1.000 0.156 -0.115 0.000 0.349 -0.254 0.000 0.000 0.000
-1.445 1.459 1.000 0.174 -0.128 0.000 0.365 -0.265 0.000 0.000 0.000
-1.436 1.453 1.000 0.193 -0.141 0.000 0.380 -0.275 0.000 0.000 0.000
-1.426 1.445 1.000 0.212 -0.155 0.000 0.393 -0.285 0.000 0.000 0.000
-1.414 1.437 1.000 0.232 -0.170 0.000 0.406 -0.293 0.000 0.000 0.000
-1.402 1.428 1.000 0.253 -0.184 0.000 0.417 -0.300 0.000 0.000 0.000
-1.389 1.419 1.000 0.274 -0.200 0.000 0.426 -0.307 0.000 0.000 0.000
-1.375 1.408 1.000 0.295 -0.215 0.000 0.434 -0.312 0.000 0.000 0.000
-1.360 1.397 1.000 0.317 -0.231 0.000 0.441 -0.315 0.000 0.000 0.000
-1.343 1.385 1.000 0.339 -0.247 0.000 0.446 -0.318 0.000 0.000 0.000
-1.326 1.373 1.000 0.362 -0.263 0.000 0.449 -0.319 0.000 0.000 0.000
-1.307 1.359 1.000 0.384 -0.278 0.000 0.451 -0.320 0.000 0.000 0.000
-1.287 1.345 1.000 0.407 -0.294 0.000 0.451 -0.319 0.000 0.000 0.000
-1.266 1.330 1.000 0.429 -0.310 0.000 0.450 -0.316 0.000 0.000 0.000
-1.244 1.314 1.000 0.452 -0.326 0.000 0.447 -0.313 0.000 0.000 0.000
-1.221 1.297 1.000 0.474 -0.342 0.000 0.443 -0.308 0.000 0.000 0.000
-1.197 1.280 1.000 0.496 -0.357 0.000 0.437 -0.303 0.000 0.000 0.000
-1.172 1.261 1.000 0.518 -0.372 0.000 0.430 -0.296 0.000 0.000 0.000
-1.145 1.242 1.000 0.539 -0.386 0.000 0.422 -0.288 0.000 0.000 0.000
-1.118 1.223 1.000 0.560 -0.401 0.000 0.412 -0.279 0.000 0.000 0.000
-1.089 1.202 1.000 0.580 -0.414 0.000 0.400 -0.269 0.000 0.000 0.000
-1.060 1.181 1.000 0.600 -0.428 0.000 0.388 -0.258 0.000 0.000 0.000
-1.029 1.160 1.000 0.619 -0.440 0.000 0.374 -0.246 0.000 0.000 0.000
-0.998 1.137 1.000 0.637 -0.452 0.000 0.359 -0.233 0.000 0.000 0.000
-0.966 1.114 1.000 0.655 -0.463 0.000 0.343 -0.219 0.000 0.000 0.000
-0.932 1.091 1.000 0.671 -0.474 0.000 0.325 -0.205 0.000 0.000 0.000
-0.898 1.067 1.000 0.687 -0.484 0.000 0.307 -0.189 0.000 0.000 0.000
-0.864 1.043 1.000 0.702 -0.493 0.000 0.288 -0.173 0.000 0.000 0.000
-0.828 1.018 1.000 0.716 -0.501 0.000 0.269 -0.157 0.000 0.000 0.000
-0.792 0.992 1.000 0.729 -0.509 0.000 0.248 -0.140 0.000 0.000 0.000
-0.755 0.967 1.000 0.741 -0.515 0.000 0.227 -0.122 0.000 0.000 0.000
-0.718 0.941 1.000 0.752 -0.521 0.000 0.205 -0.104 0.000 0.000 0.000
-0.680 0.915 1.000 0.761 -0.525 0.000 0.183 -0.085 0.000 0.000 0.000
-0.642 0.888 1.000 0.770 -0.529 0.000 0.160 -0.066 0.000 0.000 0.000
-0.603 0.862 1.000 0.777 -0.532 0.000 0.138 -0.047 0.000 0.000 0.000
-0.564 0.835 1.000 0.784 -0.534 0.000 0.115 -0.028 0.000 0.000 0.000
-0.525 0.809 1.000 0.789 -0.535 0.000 0.091 -0.009 0.000 0.000 0.000
-0.485 0.782 1.000 0.793 -0.535 0.000 0.068 0.011 0.000 0.000 0.000
-0.446 0.755 1.000 0.796 -0.534 0.000 0.045 0.030 0.000 0.000 0.000
-0.406 0.728 1.000 0.797 -0.532 0.000 0.022 0.049 0.000 0.000 0.000
-0.366 0.702 1.000 0.798 -0.529 0.000 -0.001 0.068 0.000 0.000 0.000
-0.326 0.676 1.000 0.797 -0.525 0.000 -0.024 0.087 0.000 0.000 0.000
-0.286 0.649 1.000 0.795 -0.520 0.000 -0.046 0.106 0.000 0.000 0.000
-0.246 0.624 1.000 0.793 -0.515 0.000 -0.068 0.124 0.000 0.000 0.000
-0.207 0.598 1.000 0.789 -0.508 0.000 -0.089 0.142 0.000 0.000 0.000
-0.168 0.573 1.000 0.784 -0.500 0.000 -0.110 0.159 0.000 0.000 0.000
-0.129 0.548 1.000 0.778 -0.492 0.000 -0.130 0.176 0.000 0.000 0.000
-0.090 0.524 1.000 0.771 -0.483 0.000 -0.149 0.192 0.000 0.000 0.000
-0.051 0.500 1.000 0.763 -0.473 0.000 -0.167 0.208 0.000 0.000 0.000
-0.014 0.476 1.000 0.754 -0.462 0.000 -0.185 0.223 0.000 0.000 0.000
0.024 0.454 1.000 0.744 -0.450 0.000 -0.202 0.237 0.000 0.000 0.000
0.061 0.431 1.000 0.734 -0.438 0.000 -0.217 0.251 0.000 0.000 0.000
0.097 0.410 1.000 0.723 -0.425 0.000 -0.232 0.264 0.000 0.000 0.000
0.133 0.389 1.000 0.711 -0.412 0.000 -0.246 0.276 0.000 0.000 0.000
0.168 0.369 1.000 0.698 -0.398 0.000 -0.258 0.287 0.000 0.000 0.000
0.203 0.349 1.000 0.685 -0.383 0.000 -0.270 0.297 0.000 0.000 0.000
0.237 0.330 1.000 0.671 -0.368 0.000 -0.280 0.306 0.000 0.000 0.000
0.270 0.312 1.000 0.657 -0.353 0.000 -0.289 0.314 0.000 0.000 0.000
0.303 0.295 1.000 0.642 -0.337 0.000 -0.297 0.321 0.000 0.000 0.000
0.334 0.279 1.000 0.627 -0.320 0.000 -0.303 0.328 0.000 0.000 0.000
0.365 0.263 1.000 0.612 -0.304 0.000 -0.309 0.333 0.000 0.000 0.000
0.395 0.248 1.000 0.596 -0.287 0.000 -0.313 0.338 0.000 0.000 0.000
0.425 0.234 1.000 0.581 -0.270 0.000 -0.317 0.341 0.000 0.000 0.000
0.454 0.221 1.000 0.565 -0.253 0.000 -0.319 0.344 0.000 0.000 0.000
0.481 0.209 1.000 0.549 -0.236 0.000 -0.319 0.345 0.000 0.000 0.000
0.508 0.198 1.000 0.533 -0.219 0.000 -0.319 0.346 0.000 0.000 0.000
0.535 0.187 1.000 0.517 -0.201 0.000 -0.318 0.345 0.000 0.000 0.000
0.560 0.177 1.000 0.501 -0.184 0.000 -0.315 0.344 0.000 0.000 0.000
0.585 0.169 1.000 0.485 -0.167 0.000 -0.312 0.342 0.000 0.000 0.000
0.609 0.161 1.000 0.470 -0.150 0.000 -0.307 0.339 0.000 0.000 0.000
0.632 0.154 1.000 0.455 -0.133 0.000 -0.302 0.335 0.000 0.000 0.000
0.654 0.147 1.000 0.440 -0.116 0.000 -0.296 0.331 0.000 0.000 0.000
0.676 0.142 1.000 0.425 -0.100 0.000 -0.288 0.325 0.000 0.000 0.000
0.697 0.137 1.000 0.411 -0.084 0.000 -0.280 0.319 0.000 0.000 0.000
0.717 0.134 1.000 0.397 -0.068 0.000 -0.271 0.312 0.000 0.000 0.000
0.736 0.131 1.000 0.384 -0.053 0.000 -0.262 0.304 0.000 0.000 0.000
0.755 0.128 1.000 0.371 -0.038 0.000 -0.252 0.296 0.000 0.000 0.000
0.773 0.127 1.000 0.359 -0.023 0.000 -0.241 0.287 0.000 0.000 0.000
0.791 0.126 1.000 0.347 -0.009 0.000 -0.229 0.278 0.000 0.000 0.000
0.808 0.126 1.000 0.336 0.005 0.000 -0.218 0.268 0.000 0.000 0.000
0.825 0.126 1.000 0.325 0.018 0.000 -0.205 0.257 0.000 0.000 0.000
0.841 0.128 1.000 0.315 0.030 0.000 -0.192 0.246 0.000 0.000 0.000
0.856 0.130 1.000 0.306 0.042 0.000 -0.179 0.235 0.000 0.000 0.000
0.871 0.132 1.000 0.297 0.054 0.000 -0.166 0.223 0.000 0.000 0.000
0.886 0.135 1.000 0.289 0.065 0.000 -0.153 0.211 0.000 0.000 0.000
0.900 0.138 1.000 0.282 0.075 0.000 -0.139 0.198 0.000 0.000 0.000
0.914 0.142 1.000 0.275 0.085 0.000 -0.125 0.186 0.000 0.000 0.000
0.928 0.147 1.000 0.270 0.094 0.000 -0.112 0.173 0.000 0.000 0.000
0.941 0.152 1.000 0.264 0.102 0.000 -0.098 0.160 0.000 0.000 0.000
0.954 0.157 1.000 0.260 0.110 0.000 -0.084 0.147 0.000 0.000 0.000
0.967 0.163 1.000 0.256 0.117 0.000 -0.071 0.133 0.000 0.000 0.000
0.980 0.169 1.000 0.253 0.123 0.000 -0.058 0.120 0.000 0.000 0.000
0.992 0.175 1.000 0.250 0.129 0.000 -0.045 0.107 0.000 0.000 0.000
1.005 0.181 1.000 0.248 0.134 0.000 -0.032 0.093 0.000 0.000 0.000
1.017 0.188 1.000 0.247 0.138 0.000 -0.020 0.080 0.000 0.000 0.000
1.030 0.195 1.000 0.246 0.142 0.000 -0.008 0.067 0.000 0.000 0.000
1.042 0.202 1.000 0.246 0.145 0.000 0.004 0.054 0.000 0.000 0.000
1.054 0.210 1.000 0.247 0.147 0.000 0.015 0.041 0.000 0.000 0.000
1.067 0.217 1.000 0.248 0.149 0.000 0.025 0.028 0.000 0.000 0.000
1.079 0.225 1.000 0.249 0.150 0.000 0.035 0.016 0.000 0.000 0.000
1.091 0.232 1.000 0.251 0.150 0.000 0.044 0.003 0.000 0.000 0.000
1.104 0.240 1.000 0.253 0.150 0.000 0.053 -0.009 0.000 0.000 0.000
1.117 0.247 1.000 0.256 0.149 0.000 0.061 -0.020 0.000 0.000 0.000
1.130 0.255 1.000 0.259 0.148 0.000 0.068 -0.032 0.000 0.000 0.000
1.143 0.262 1.000 0.263 0.146 0.000 0.074 -0.043 0.000 0.000 0.000
1.156 0.269 1.000 0.267 0.144 0.000 0.080 -0.054 0.000 0.000 0.000
1.169 0.276 1.000 0.271 0.141 0.000 0.085 -0.065 0.000 0.000 0.000
1.183 0.283 1.000 0.275 0.137 0.000 0.090 -0.075 0.000 0.000 0.000
1.197 0.290 1.000 0.280 0.133 0.000 0.093 -0.085 0.000 0.000 0.000
1.211 0.296 1.000 0.285 0.129 0.000 0.096 -0.094 0.000 0.000 0.000
1.225 0.303 1.000 0.290 0.124 0.000 0.099 -0.103 0.000 0.000 0.000
1.240 0.309 1.000 0.295 0.119 0.000 0.100 -0.112 0.000 0.000 0.000
1.255 0.315 1.000 0.300 0.113 0.000 0.101 -0.120 0.000 0.000 0.000
1.270 0.320 1.000 0.305 0.107 0.000 0.101 -0.128 0.000 0.000 0.000
1.285 0.325 1.000 0.310 0.100 0.000 0.100 -0.136 0.000 0.000 0.000
1.301 0.330 1.000 0.315 0.093 0.000 0.098 -0.143 0.000 0.000 0.000
1.317 0.335 1.000 0.319 0.086 0.000 0.096 -0.150 0.000 0.000 0.000
1.333 0.339 1.000 0.324 0.078 0.000 0.093 -0.156 0.000 0.000 0.000
1.349 0.342 1.000 0.329 0.070 0.000 0.089 -0.162 0.000 0.000 0.000
1.366 0.346 1.000 0.333 0.062 0.000 0.085 -0.168 0.000 0.000 0.000
1.383 0.349 1.000 0.337 0.053 0.000 0.080 -0.173 0.000 0.000 0.000
1.400 0.351 1.000 0.341 0.044 0.000 0.075 -0.178 0.000 0.000 0.000
1.417 0.353 1.000 0.345 0.035 0.000 0.069 -0.183 0.000 0.000 0.000
1.434 0.355 1.000 0.348 0.026 0.000 0.062 -0.187 0.000 0.000 0.000
1.451 0.356 1.000 0.351 0.017 0.000 0.055 -0.190 0.000 0.000 0.000
1.469 0.356 1.000 0.353 0.007 0.000 0.047 -0.194 0.000 0.000 0.000
1.487 0.356 1.000 0.356 -0.003 0.000 0.039 -0.197 0.000 0.000 0.000
1.505 0.356 1.000 0.357 -0.013 0.000 0.030 -0.200 0.000 0.000 0.000
1.522 0.355 1.000 0.359 -0.023 0.000 0.021 -0.202 0.000 0.000 0.000
1.540 0.354 1.000 0.359 -0.033 0.000 0.011 -0.204 0.000 0.000 0.000
1.558 0.352 1.000 0.360 -0.043 0.000 0.001 -0.205 0.000 0.000 0.000
1.576 0.349 1.000 0.359 -0.053 0.000 -0.009 -0.206 0.000 0.000 0.000
1.594 0.347 1.000 0.359 -0.064 0.000 -0.019 -0.207 0.000 0.000 0.000
1.612 0.343 1.000 0.358 -0.074 0.000 -0.030 -0.208 0.000 0.000 0.000
1.630 0.339 1.000 0.356 -0.084 0.000 -0.041 -0.208 0.000 0.000 0.000
1.648 0.335 1.000 0.353 -0.095 0.000 -0.052 -0.207 0.000 0.000 0.000
1.665 0.330 1.000 0.351 -0.105 0.000 -0.063 -0.206 0.000 0.000 0.000
1.683 0.324 1.000 0.347 -0.115 0.000 -0.075 -0.205 0.000 0.000 0.000
1.700 0.318 1.000 0.343 -0.126 0.000 -0.086 -0.204 0.000 0.000 0.000
1.717 0.312 1.000 0.338 -0.136 0.000 -0.098 -0.202 0.000 0.000 0.000
1.734 0.305 1.000 0.333 -0.146 0.000 -0.109 -0.199 0.000 0.000 0.000
1.750 0.297 1.000 0.328 -0.156 0.000 -0.121 -0.196 0.000 0.000 0.000
1.767 0.289 1.000 0.321 -0.165 0.000 -0.132 -0.193 0.000 0.000 0.000
1.783 0.281 1.000 0.314 -0.175 0.000 -0.143 -0.189 0.000 0.000 0.000
1.798 0.272 1.000 0.307 -0.184 0.000 -0.154 -0.185 0.000 0.000 0.000
1.813 0.262 1.000 0.299 -0.193 0.000 -0.165 -0.181 0.000 0.000 0.000
1.828 0.252 1.000 0.290 -0.202 0.000 -0.176 -0.176 0.000 0.000 0.000
1.842 0.242 1.000 0.281 -0.211 0.000 -0.186 -0.170 0.000 0.000 0.000
1.856 0.231 1.000 0.272 -0.219 0.000 -0.196 -0.164 0.000 0.000 0.000
1.869 0.220 1.000 0.262 -0.227 0.000 -0.206 -0.157 0.000 0.000 0.000
1.882 0.208 1.000 0.251 -0.235 0.000 -0.215 -0.151 0.000 0.000 0.000
1.895 0.196 1.000 0.240 -0.242 0.000 -0.224 -0.143 0.000 0.000 0.000
1.906 0.184 1.000 0.229 -0.249 0.000 -0.233 -0.135 0.000 0.000 0.000
1.917 0.172 1.000 0.217 -0.256 0.000 -0.241 -0.127 0.000 0.000 0.000
1.928 0.159 1.000 0.205 -0.262 0.000 -0.249 -0.118 0.000 0.000 0.000
1.938 0.145 1.000 0.192 -0.268 0.000 -0.256 -0.109 0.000 0.000 0.000
1.947 0.132 1.000 0.179 -0.273 0.000 -0.263 -0.099 0.000 0.000 0.000
1.956 0.118 1.000 0.166 -0.278 0.000 -0.269 -0.089 0.000 0.000 0.000
1.964 0.104 1.000 0.152 -0.282 0.000 -0.274 -0.079 0.000 0.000 0.000
1.971 0.090 1.000 0.138 -0.285 0.000 -0.279 -0.068 0.000 0.000 0.000
1.978 0.076 1.000 0.124 -0.289 0.000 -0.284 -0.056 0.000 0.000 0.000
1.983 0.061 1.000 0.110 -0.291 0.000 -0.288 -0.045 0.000 0.000 0.000
1.989 0.046 1.000 0.096 -0.293 0.000 -0.291 -0.033 0.000 0.000 0.000
1.993 0.032 1.000 0.081 -0.294 0.000 -0.293 -0.021 0.000 0.000 0.000
1.997 0.017 1.000 0.066 -0.295 0.000 -0.295 -0.008 0.000 0.000 0.000
2.000 0.002 1.000 0.051 -0.295 0.000 -0.297 0.005 0.000 0.000 0.000
2.002 -0.013 1.000 0.036 -0.295 0.000 -0.298 0.018 0.000 0.000 0.000
2.003 -0.027 1.000 0.022 -0.293 0.000 -0.298 0.031 0.000 0.000 0.000
2.004 -0.042 1.000 0.007 -0.291 0.000 -0.298 0.044 0.000 0.000 0.000
2.004 -0.056 1.000 -0.008 -0.289 0.000 -0.297 0.057 0.000 0.000 0.000
2.003 -0.071 1.000 -0.023 -0.286 0.000 -0.295 0.071 0.000 0.000 0.000
2.002 -0.085 1.000 -0.038 -0.282 0.000 -0.293 0.084 0.000 0.000 0.000
1.999 -0.099 1.000 -0.052 -0.277 0.000 -0.290 0.097 0.000 0.000 0.000
1.996 -0.113 1.000 -0.067 -0.272 0.000 -0.287 0.110 0.000 0.000 0.000
1.993 -0.126 1.000 -0.081 -0.266 0.000 -0.284 0.123 0.000 0.000 0.000
1.988 -0.139 1.000 -0.095 -0.260 0.000 -0.280 0.135 0.000 0.000 0.000
1.983 -0.152 1.000 -0.109 -0.253 0.000 -0.275 0.148 0.000 0.000 0.000
1.977 -0.165 1.000 -0.123 -0.245 0.000 -0.270 0.159 0.000 0.000 0.000
1.971 -0.177 1.000 -0.136 -0.237 0.000 -0.265 0.171 0.000 0.000 0.000
1.964 -0.188 1.000 -0.149 -0.228 0.000 -0.260 0.182 0.000 0.000 0.000
1.956 -0.199 1.000 -0.162 -0.219 0.000 -0.254 0.192 0.000 0.000 0.000
1.948 -0.210 1.000 -0.174 -0.209 0.000 -0.247 0.202 0.000 0.000 0.000
1.939 -0.220 1.000 -0.187 -0.199 0.000 -0.241 0.211 0.000 0.000 0.000
1.929 -0.230 1.000 -0.199 -0.188 0.000 -0.234 0.219 0.000 0.000 0.000
1.919 -0.239 1.000 -0.210 -0.177 0.000 -0.228 0.227 0.000 0.000 0.000
1.908 -0.248 1.000 -0.221 -0.165 0.000 -0.221 0.234 0.000 0.000 0.000
1.897 -0.256 1.000 -0.232 -0.153 0.000 -0.213 0.239 0.000 0.000 0.000
1.885 -0.263 1.000 -0.243 -0.141 0.000 -0.206 0.245 0.000 0.000 0.000
1.872 -0.270 1.000 -0.253 -0.129 0.000 -0.199 0.249 0.000 0.000 0.000
1.860 -0.276 1.000 -0.262 -0.116 0.000 -0.192 0.252 0.000 0.000 0.000
1.846 -0.281 1.000 -0.272 -0.104 0.000 -0.184 0.254 0.000 0.000 0.000
1.832 -0.286 1.000 -0.281 -0.091 0.000 -0.177 0.255 0.000 0.000 0.000
1.818 -0.290 1.000 -0.290 -0.078 0.000 -0.170 0.256 0.000 0.000 0.000
1.803 -0.294 1.000 -0.298 -0.065 0.000 -0.162 0.255 0.000 0.000 0.000
1.788 -0.297 1.000 -0.306 -0.053 0.000 -0.155 0.253 0.000 0.000 0.000
1.773 -0.299 1.000 -0.313 -0.040 0.000 -0.148 0.250 0.000 0.000 0.000
1.757 -0.301 1.000 -0.321 -0.028 0.000 -0.141 0.246 0.000 0.000 0.000
1.741 -0.302 1.000 -0.327 -0.016 0.000 -0.134 0.242 0.000 0.000 0.000
1.724 -0.303 1.000 -0.334 -0.004 0.000 -0.128 0.236 0.000 0.000 0.000
1.707 -0.302 1.000 -0.340 0.008 0.000 -0.121 0.229 0.000 0.000 0.000
1.690 -0.302 1.000 -0.346 0.019 0.000 -0.115 0.221 0.000 0.000 0.000
1.673 -0.301 1.000 -0.352 0.030 0.000 -0.108 0.213 0.000 0.000 0.000
1.655 -0.299 1.000 -0.357 0.041 0.000 -0.102 0.203 0.000 0.000 0.000
1.637 -0.297 1.000 -0.362 0.050 0.000 -0.097 0.193 0.000 0.000 0.000
1.619 -0.294 1.000 -0.367 0.060 0.000 -0.091 0.182 0.000 0.000 0.000
1.600 -0.291 1.000 -0.371 0.069 0.000 -0.085 0.171 0.000 0.000 0.000
1.582 -0.287 1.000 -0.375 0.077 0.000 -0.080 0.158 0.000 0.000 0.000
1.563 -0.283 1.000 -0.379 0.084 0.000 -0.075 0.145 0.000 0.000 0.000
1.544 -0.278 1.000 -0.383 0.091 0.000 -0.070 0.132 0.000 0.000 0.000
1.525 -0.274 1.000 -0.386 0.098 0.000 -0.065 0.118 0.000 0.000 0.000
1.505 -0.269 1.000 -0.389 0.103 0.000 -0.061 0.103 0.000 0.000 0.000
1.486 -0.263 1.000 -0.392 0.108 0.000 -0.057 0.088 0.000 0.000 0.000
1.466 -0.258 1.000 -0.395 0.112 0.000 -0.052 0.073 0.000 0.000 0.000
1.446 -0.252 1.000 -0.397 0.115 0.000 -0.048 0.057 0.000 0.000 0.000
1.426 -0.246 1.000 -0.400 0.118 0.000 -0.045 0.042 0.000 0.000 0.000
1.406 -0.240 1.000 -0.402 0.119 0.000 -0.041 0.026 0.000 0.000 0.000
1.386 -0.234 1.000 -0.404 0.120 0.000 -0.037 0.010 0.000 0.000 0.000
1.366 -0.228 1.000 -0.406 0.120 0.000 -0.034 -0.006 0.000 0.000 0.000
1.346 -0.222 1.000 -0.407 0.120 0.000 -0.031 -0.022 0.000 0.000 0.000
1.325 -0.217 1.000 -0.409 0.118 0.000 -0.028 -0.038 0.000 0.000 0.000
1.305 -0.211 1.000 -0.410 0.116 0.000 -0.025 -0.054 0.000 0.000 0.000
1.284 -0.205 1.000 -0.411 0.113 0.000 -0.022 -0.069 0.000 0.000 0.000
1.264 -0.199 1.000 -0.412 0.109 0.000 -0.019 -0.084 0.000 0.000 0.000
1.243 -0.194 1.000 -0.413 0.104 0.000 -0.016 -0.099 0.000 0.000 0.000
1.222 -0.189 1.000 -0.414 0.099 0.000 -0.014 -0.113 0.000 0.000 0.000
1.202 -0.184 1.000 -0.415 0.093 0.000 -0.011 -0.127 0.000 0.000 0.000
1.181 -0.180 1.000 -0.415 0.086 0.000 -0.009 -0.141 0.000 0.000 0.000
1.160 -0.176 1.000 -0.415 0.079 0.000 -0.006 -0.154 0.000 0.000 0.000
1.139 -0.172 1.000 -0.416 0.071 0.000 -0.004 -0.166 0.000 0.000 0.000
1.119 -0.168 1.000 -0.416 0.062 0.000 -0.001 -0.177 0.000 0.000 0.000
1.098 -0.166 1.000 -0.416 0.053 0.000 0.001 -0.188 0.000 0.000 0.000
1.077 -0.163 1.000 -0.416 0.044 0.000 0.004 -0.198 0.000 0.000 0.000
1.056 -0.161 1.000 -0.415 0.033 0.000 0.006 -0.208 0.000 0.000 0.000
1.035 -0.160 1.000 -0.415 0.023 0.000 0.009 -0.216 0.000 0.000 0.000
1.015 -0.159 1.000 -0.415 0.012 0.000 0.011 -0.224 0.000 0.000 0.000
0.994 -0.159 1.000 -0.414 0.000 0.000 0.014 -0.231 0.000 0.000 0.000
0.973 -0.159 1.000 -0.413 -0.011 0.000 0.017 -0.237 0.000 0.000 0.000
0.953 -0.160 1.000 -0.412 -0.023 0.000 0.019 -0.243 0.000 0.000 0.000
0.932 -0.161 1.000 -0.411 -0.036 0.000 0.022 -0.247 0.000 0.000 0.000
0.912 -0.163 1.000 -0.410 -0.048 0.000 0.025 -0.251 0.000 0.000 0.000
0.891 -0.166 1.000 -0.409 -0.061 0.000 0.028 -0.253 0.000 0.000 0.000
0.871 -0.169 1.000 -0.407 -0.073 0.000 0.031 -0.255 0.000 0.000 0.000
0.850 -0.173 1.000 -0.406 -0.086 0.000 0.035 -0.256 0.000 0.000 0.000
0.830 -0.178 1.000 -0.404 -0.099 0.000 0.038 -0.256 0.000 0.000 0.000
0.810 -0.183 1.000 -0.402 -0.112 0.000 0.042 -0.255 0.000 0.000 0.000
0.790 -0.189 1.000 -0.400 -0.124 0.000 0.045 -0.254 0.000 0.000 0.000
0.770 -0.196 1.000 -0.397 -0.137 0.000 0.049 -0.252 0.000 0.000 0.000
0.750 -0.203 1.000 -0.395 -0.150 0.000 0.053 -0.249 0.000 0.000 0.000
0.731 -0.211 1.000 -0.392 -0.162 0.000 0.057 -0.245 0.000 0.000 0.000
0.711 -0.219 1.000 -0.389 -0.174 0.000 0.062 -0.240 0.000 0.000 0.000
0.692 -0.228 1.000 -0.386 -0.186 0.000 0.066 -0.235 0.000 0.000 0.000
0.672 -0.238 1.000 -0.382 -0.198 0.000 0.070 -0.229 0.000 0.000 0.000
0.653 -0.248 1.000 -0.379 -0.209 0.000 0.075 -0.223 0.000 0.000 0.000
0.635 -0.259 1.000 -0.375 -0.220 0.000 0.080 -0.215 0.000 0.000 0.000
0.616 -0.270 1.000 -0.371 -0.230 0.000 0.085 -0.208 0.000 0.000 0.000
0.598 -0.282 1.000 -0.366 -0.241 0.000 0.090 -0.200 0.000 0.000 0.000
0.579 -0.294 1.000 -0.362 -0.250 0.000 0.095 -0.191 0.000 0.000 0.000
0.561 -0.307 1.000 -0.357 -0.260 0.000 0.101 -0.182 0.000 0.000 0.000
0.544 -0.320 1.000 -0.352 -0.268 0.000 0.106 -0.172 0.000 0.000 0.000
0.526 -0.333 1.000 -0.346 -0.277 0.000 0.112 -0.162 0.000 0.000 0.000
0.509 -0.347 1.000 -0.340 -0.285 0.000 0.117 -0.152 0.000 0.000 0.000
0.492 -0.362 1.000 -0.334 -0.292 0.000 0.123 -0.142 0.000 0.000 0.000
0.476 -0.377 1.000 -0.328 -0.299 0.000 0.128 -0.131 0.000 0.000 0.000
0.459 -0.392 1.000 -0.322 -0.305 0.000 0.134 -0.120 0.000 0.000 0.000
0.443 -0.407 1.000 -0.315 -0.311 0.000 0.140 -0.109 0.000 0.000 0.000
0.428 -0.423 1.000 -0.308 -0.316 0.000 0.146 -0.098 0.000 0.000 0.000
0.413 -0.439 1.000 -0.300 -0.321 0.000 0.151 -0.086 0.000 0.000 0.000
0.398 -0.455 1.000 -0.292 -0.325 0.000 0.157 -0.075 0.000 0.000 0.000
0.383 -0.471 1.000 -0.284 -0.328 0.000 0.162 -0.064 0.000 0.000 0.000
0.369 -0.488 1.000 -0.276 -0.331 0.000 0.168 -0.053 0.000 0.000 0.000
0.356 -0.504 1.000 -0.268 -0.333 0.000 0.173 -0.041 0.000 0.000 0.000
0.343 -0.521 1.000 -0.259 -0.335 0.000 0.178 -0.030 0.000 0.000 0.000
0.330 -0.538 1.000 -0.250 -0.336 0.000 0.183 -0.020 0.000 0.000 0.000
0.318 -0.555 1.000 -0.241 -0.337 0.000 0.187 -0.009 0.000 0.000 0.000
0.306 -0.571 1.000 -0.231 -0.337 0.000 0.191 0.001 0.000 0.000 0.000
0.295 -0.588 1.000 -0.222 -0.337 0.000 0.195 0.012 0.000 0.000 0.000
0.284 -0.605 1.000 -0.212 -0.336 0.000 0.199 0.021 0.000 0.000 0.000
0.273 -0.622 1.000 -0.202 -0.335 0.000 0.202 0.031 0.000 0.000 0.000
0.264 -0.639 1.000 -0.192 -0.333 0.000 0.204 0.040 0.000 0.000 0.000
0.254 -0.655 1.000 -0.181 -0.331 0.000 0.206 0.049 0.000 0.000 0.000
0.245 -0.672 1.000 -0.171 -0.328 0.000 0.208 0.057 0.000 0.000 0.000
0.237 -0.688 1.000 -0.160 -0.325 0.000 0.209 0.065 0.000 0.000 0.000
0.229 -0.704 1.000 -0.150 -0.322 0.000 0.209 0.072 0.000 0.000 0.000
0.222 -0.720 1.000 -0.140 -0.318 0.000 0.208 0.079 0.000 0.000 0.000
0.215 -0.736 1.000 -0.129 -0.314 0.000 0.206 0.086 0.000 0.000 0.000
0.209 -0.752 1.000 -0.119 -0.309 0.000 0.204 0.092 0.000 0.000 0.000
0.204 -0.767 1.000 -0.109 -0.305 0.000 0.201 0.098 0.000 0.000 0.000
0.198 -0.782 1.000 -0.099 -0.300 0.000 0.197 0.103 0.000 0.000 0.000
0.194 -0.797 1.000 -0.089 -0.294 0.000 0.192 0.107 0.000 0.000 0.000
0.189 -0.811 1.000 -0.080 -0.289 0.000 0.185 0.111 0.000 0.000 0.000
0.186 -0.826 1.000 -0.071 -0.283 0.000 0.178 0.114 0.000 0.000 0.000
0.182 -0.840 1.000 -0.062 -0.277 0.000 0.170 0.117 0.000 0.000 0.000
0.179 -0.854 1.000 -0.054 -0.272 0.000 0.161 0.120 0.000 0.000 0.000
0.177 -0.867 1.000 -0.046 -0.266 0.000 0.150 0.121 0.000 0.000 0.000
0.175 -0.880 1.000 -0.039 -0.259 0.000 0.138 0.123 0.000 0.000 0.000
0.173 -0.893 1.000 -0.032 -0.253 0.000 0.126 0.123 0.000 0.000 0.000
0.172 -0.905 1.000 -0.026 -0.247 0.000 0.112 0.124 0.000 0.000 0.000
0.170 -0.918 1.000 -0.021 -0.241 0.000 0.096 0.123 0.000 0.000 0.000
0.170 -0.930 1.000 -0.017 -0.235 0.000 0.080 0.123 0.000 0.000 0.000
0.169 -0.941 1.000 -0.013 -0.229 0.000 0.063 0.121 0.000 0.000 0.000
0.168 -0.952 1.000 -0.010 -0.223 0.000 0.044 0.120 0.000 0.000 0.000
0.168 -0.963 1.000 -0.009 -0.217 0.000 0.025 0.117 0.000 0.000 0.000
0.167 -0.974 1.000 -0.008 -0.211 0.000 0.004 0.115 0.000 0.000 0.000
0.167 -0.984 1.000 -0.008 -0.205 0.000 -0.018 0.112 0.000 0.000 0.000
0.166 -0.995 1.000 -0.010 -0.200 0.000 -0.040 0.108 0.000 0.000 0.000
0.166 -1.004 1.000 -0.012 -0.194 0.000 -0.063 0.104 0.000 0.000 0.000
0.165 -1.014 1.000 -0.016 -0.189 0.000 -0.087 0.100 0.000 0.000 0.000
0.164 -1.023 1.000 -0.021 -0.184 0.000 -0.112 0.095 0.000 0.000 0.000
0.163 -1.032 1.000 -0.027 -0.180 0.000 -0.137 0.091 0.000 0.000 0.000
0.162 -1.041 1.000 -0.035 -0.175 0.000 -0.163 0.085 0.000 0.000 0.000
0.160 -1.050 1.000 -0.044 -0.171 0.000 -0.189 0.080 0.000 0.000 0.000
0.157 -1.058 1.000 -0.054 -0.167 0.000 -0.215 0.075 0.000 0.000 0.000
0.154 -1.067 1.000 -0.065 -0.164 0.000 -0.242 0.069 0.000 0.000 0.000
0.151 -1.075 1.000 -0.078 -0.160 0.000 -0.268 0.063 0.000 0.000 0.000
0.146 -1.083 1.000 -0.092 -0.157 0.000 -0.293 0.057 0.000 0.000 0.000
0.141 -1.091 1.000 -0.107 -0.155 0.000 -0.319 0.051 0.000 0.000 0.000
0.136 -1.098 1.000 -0.124 -0.152 0.000 -0.344 0.045 0.000 0.000 0.000
0.129 -1.106 1.000 -0.142 -0.150 0.000 -0.368 0.039 0.000 0.000 0.000
0.121 -1.113 1.000 -0.161 -0.148 0.000 -0.391 0.033 0.000 0.000 0.000
0.113 -1.121 1.000 -0.181 -0.147 0.000 -0.413 0.027 0.000 0.000 0.000
0.103 -1.128 1.000 -0.202 -0.146 0.000 -0.435 0.021 0.000 0.000 0.000
0.093 -1.135 1.000 -0.224 -0.145 0.000 -0.454 0.016 0.000 0.000 0.000
0.081 -1.142 1.000 -0.247 -0.144 0.000 -0.472 0.010 0.000 0.000 0.000
0.068 -1.150 1.000 -0.271 -0.144 0.000 -0.489 0.005 0.000 0.000 0.000
0.054 -1.157 1.000 -0.296 -0.144 0.000 -0.503 0.000 0.000 0.000 0.000
0.038 -1.164 1.000 -0.322 -0.144 0.000 -0.516 -0.004 0.000 0.000 0.000
0.022 -1.171 1.000 -0.348 -0.144 0.000 -0.527 -0.009 0.000 0.000 0.000
0.004 -1.178 1.000 -0.374 -0.145 0.000 -0.535 -0.012 0.000 0.000 0.000
-0.016 -1.186 1.000 -0.401 -0.145 0.000 -0.541 -0.016 0.000 0.000 0.000
-0.037 -1.193 1.000 -0.428 -0.146 0.000 -0.545 -0.019 0.000 0.000 0.000
-0.059 -1.200 1.000 -0.456 -0.147 0.000 -0.546 -0.022 0.000 0.000 0.000
-0.082 -1.208 1.000 -0.483 -0.148 0.000 -0.544 -0.024 0.000 0.000 0.000
-0.107 -1.215 1.000 -0.510 -0.150 0.000 -0.540 -0.026 0.000 0.000 0.000
-0.133 -1.223 1.000 -0.537 -0.151 0.000 -0.532 -0.027 0.000 0.000 0.000
-0.161 -1.230 1.000 -0.563 -0.152 0.000 -0.522 -0.028 0.000 0.000 0.000
-0.189 -1.238 1.000 -0.589 -0.154 0.000 -0.509 -0.028 0.000 0.000 0.000
-0.219 -1.246 1.000 -0.614 -0.155 0.000 -0.493 -0.028 0.000 0.000 0.000
-0.251 -1.253 1.000 -0.638 -0.156 0.000 -0.474 -0.027 0.000 0.000 0.000
-0.283 -1.261 1.000 -0.661 -0.158 0.000 -0.453 -0.025 0.000 0.000 0.000
-0.317 -1.269 1.000 -0.683 -0.159 0.000 -0.428 -0.023 0.000 0.000 0.000
-0.352 -1.277 1.000 -0.704 -0.160 0.000 -0.400 -0.021 0.000 0.000 0.000
-0.387 -1.285 1.000 -0.723 -0.161 0.000 -0.370 -0.018 0.000 0.000 0.000
-0.424 -1.293 1.000 -0.741 -0.162 0.000 -0.336 -0.014 0.000 0.000 0.000
-0.461 -1.301 1.000 -0.757 -0.163 0.000 -0.300 -0.010 0.000 0.000 0.000
-0.500 -1.310 1.000 -0.771 -0.163 0.000 -0.262 -0.006 0.000 0.000 0.000
-0.538 -1.318 1.000 -0.783 -0.163 0.000 -0.221 -0.001 0.000 0.000 0.000
-0.578 -1.326 1.000 -0.793 -0.163 0.000 -0.178 0.005 0.000 0.000 0.000
-0.618 -1.334 1.000 -0.801 -0.163 0.000 -0.133 0.011 0.000 0.000 0.000
-0.658 -1.342 1.000 -0.806 -0.162 0.000 -0.086 0.017 0.000 0.000 0.000
-0.698 -1.350 1.000 -0.810 -0.161 0.000 -0.038 0.024 0.000 0.000 0.000
-0.739 -1.358 1.000 -0.810 -0.159 0.000 0.012 0.031 0.000 0.000 0.000
-0.779 -1.366 1.000 -0.808 -0.158 0.000 0.062 0.038 0.000 0.000 0.000
-0.820 -1.374 1.000 -0.804 -0.156 0.000 0.113 0.045 0.000 0.000 0.000
-0.860 -1.382 1.000 -0.797 -0.153 0.000 0.165 0.053 0.000 0.000 0.000
-0.899 -1.389 1.000 -0.788 -0.150 0.000 0.216 0.060 0.000 0.000 0.000
-0.938 -1.397 1.000 -0.775 -0.147 0.000 0.266 0.067 0.000 0.000 0.000
-0.977 -1.404 1.000 -0.761 -0.144 0.000 0.316 0.075 0.000 0.000 0.000
-1.014 -1.411 1.000 -0.744 -0.140 0.000 0.365 0.082 0.000 0.000 0.000
-1.051 -1.418 1.000 -0.724 -0.136 0.000 0.411 0.089 0.000 0.000 0.000
-1.087 -1.425 1.000 -0.703 -0.131 0.000 0.455 0.095 0.000 0.000 0.000
-1.121 -1.431 1.000 -0.679 -0.126 0.000 0.497 0.102 0.000 0.000 0.000
-1.155 -1.437 1.000 -0.653 -0.121 0.000 0.536 0.107 0.000 0.000 0.000
-1.187 -1.443 1.000 -0.625 -0.115 0.000 0.571 0.112 0.000 0.000 0.000
-1.217 -1.449 1.000 -0.596 -0.110 0.000 0.602 0.117 0.000 0.000 0.000
-1.246 -1.454 1.000 -0.565 -0.104 0.000 0.629 0.121 0.000 0.000 0.000
-1.274 -1.459 1.000 -0.533 -0.097 0.000 0.652 0.124 0.000 0.000 0.000
-1.300 -1.464 1.000 -0.500 -0.091 0.000 0.670 0.126 0.000 0.000 0.000
-1.324 -1.468 1.000 -0.466 -0.085 0.000 0.682 0.128 0.000 0.000 0.000
-1.346 -1.472 1.000 -0.432 -0.078 0.000 0.690 0.128 0.000 0.000 0.000
-1.367 -1.476 1.000 -0.397 -0.072 0.000 0.692 0.128 0.000 0.000 0.000
-1.386 -1.479 1.000 -0.363 -0.066 0.000 0.689 0.127 0.000 0.000 0.000
-1.403 -1.483 1.000 -0.329 -0.059 0.000 0.680 0.125 0.000 0.000 0.000
-1.419 -1.485 1.000 -0.295 -0.053 0.000 0.666 0.122 0.000 0.000 0.000
-1.433 -1.488 1.000 -0.262 -0.047 0.000 0.646 0.118 0.000 0.000 0.000
-1.445 -1.490 1.000 -0.230 -0.041 0.000 0.621 0.113 0.000 0.000 0.000
-1.456 -1.492 1.000 -0.200 -0.036 0.000 0.591 0.107 0.000 0.000 0.000
-1.465 -1.494 1.000 -0.171 -0.031 0.000 0.557 0.101 0.000 0.000 0.000
-1.473 -1.495 1.000 -0.144 -0.026 0.000 0.518 0.093 0.000 0.000 0.000
-1.480 -1.496 1.000 -0.120 -0.021 0.000 0.475 0.086 0.000 0.000 0.000
-1.485 -1.497 1.000 -0.097 -0.017 0.000 0.430 0.077 0.000 0.000 0.000
-1.489 -1.498 1.000 -0.077 -0.014 0.000 0.381 0.068 0.000 0.000 0.000
-1.493 -1.499 1.000 -0.059 -0.011 0.000 0.331 0.059 0.000 0.000 0.000
-1.495 -1.499 1.000 -0.044 -0.008 0.000 0.281 0.050 0.000 0.000 0.000
-1.497 -1.499 1.000 -0.031 -0.006 0.000 0.231 0.041 0.000 0.000 0.000
-1.498 -1.500 1.000 -0.021 -0.004 0.000 0.182 0.032 0.000 0.000 0.000
-1.499 -1.500 1.000 -0.013 -0.002 0.000 0.136 0.024 0.000 0.000 0.000
-1.500 -1.500 1.000 -0.007 -0.001 0.000 0.094 0.017 0.000 0.000 0.000
-1.500 -1.500 1.000 -0.003 -0.001 0.000 0.057 0.010 0.000 0.000 0.000
-1.500 -1.500 1.000 -0.001 -0.000 0.000 0.028 0.005 0.000 0.000 0.000
-1.500 -1.500 1.000 -0.000 -0.000 0.000 0.009 0.002 0.000 0.000 0.000
-1.500 -1.500 1.000 0.000 0.000 0.000 0.000 0.000 0.000 0.000 0.000
-1.500 -1.500 1.000 0.000 0.000 0.000 0.000 0.000 0.000 0.000 0.000
-1.500 -1.500 1.000 0.000 0.000 0.000 0.000 0.000 0.000 0.000 0.000
-1.500 -1.500 1.000 0.000 0.000 0.000 0.000 0.000 0.000 0.000 0.000
-1.500 -1.500 1.000 0.000 0.000 0.000 0.000 0.000 0.000 0.000 0.000
-1.500 -1.500 1.000 0.000 0.000 0.000 0.000 0.000 0.000 0.000 0.000
-1.500 -1.500 1.000 0.000 0.000 0.000 0.000 0.000 0.000 0.000 0.000
-1.500 -1.500 1.000 0.000 0.000 0.000 0.000 0.000 0.000 0.000 0.000
-1.500 -1.500 1.000 0.000 0.000 0.000 0.000 0.000 0.000 0.000 0.000
-1.500 -1.500 1.000 0.000 0.000 0.000 0.000 0.000 0.000 0.000 0.000
-1.500 -1.500 1.000 0.000 0.000 0.000 0.000 0.000 0.000 0.000 0.000
-1.500 -1.500 1.000 0.000 0.000 0.000 0.000 0.000 0.000 0.000 0.000
-1.500 -1.500 1.000 0.000 0.000 0.000 0.000 0.000 0.000 0.000 0.000
-1.500 -1.500 1.000 0.000 0.000 0.000 0.000 0.000 0.000 0.000 0.000
-1.500 -1.500 1.000 0.000 0.000 0.000 0.000 0.000 0.000 0.000 0.000
-1.500 -1.500 1.000 0.000 0.000 0.000 0.000 0.000 0.000 0.000 0.000
-1.500 -1.500 1.000 0.000 0.000 0.000 0.000 0.000 0.000 0.000 0.000
-1.500 -1.500 1.000 0.000 0.000 0.000 0.000 0.000 0.000 0.000 0.000
-1.500 -1.500 1.000 0.000 0.000 0.000 0.000 0.000 0.000 0.000 0.000
-1.500 -1.500 1.000 0.000 0.000 0.000 0.000 0.000 0.000 0.000 0.000
-1.500 -1.500 1.000 0.000 0.000 0.000 0.000 0.000 0.000 0.000 0.000
-1.500 -1.500 1.000 0.000 0.000 0.000 0.000 0.000 0.000 0.000 0.000
-1.500 -1.500 1.000 0.000 0.000 0.000 0.000 0.000 0.000 0.000 0.000
-1.500 -1.500 1.000 0.000 0.000 0.000 0.000 0.000 0.000 0.000 0.000
-1.500 -1.500 1.000 0.000 0.000 0.000 0.000 0.000 0.000 0.000 0.000
-1.500 -1.500 1.000 0.000 0.000 0.000 0.000 0.000 0.000 0.000 0.000
-1.500 -1.500 1.000 0.000 0.000 0.000 0.000 0.000 0.000 0.000 0.000
-1.500 -1.500 1.000 0.000 0.000 0.000 0.000 0.000 0.000 0.000 0.000
-1.500 -1.500 1.000 0.000 0.000 0.000 0.000 0.000 0.000 0.000 0.000
-1.500 -1.500 1.000 0.000 0.000 0.000 0.000 0.000 0.000 0.000 0.000
-1.500 -1.500 1.000 0.000 0.000 0.000 0.000 0.000 0.000 0.000 0.000
-1.500 -1.500 1.000 0.000 0.000 0.000 0.000 0.000 0.000 0.000 0.000
-1.500 -1.500 1.000 0.000 0.000 0.000 0.000 0.000 0.000 0.000 0.000
-1.500 -1.500 1.000 0.000 0.000 0.000 0.000 0.000 0.000 0.000 0.000
-1.500 -1.500 1.000 0.000 0.000 0.000 0.000 0.000 0.000 0.000 0.000
-1.500 -1.500 1.000 0.000 0.000 0.000 0.000 0.000 0.000 0.000 0.000
-1.500 -1.500 1.000 0.000 0.000 0.000 0.000 0.000 0.000 0.000 0.000
-1.500 -1.500 1.000 0.000 0.000 0.000 0.000 0.000 0.000 0.000 0.000
-1.500 -1.500 1.000 0.000 0.000 0.000 0.000 0.000 0.000 0.000 0.000
-1.500 -1.500 1.000 0.000 0.000 0.000 0.000 0.000 0.000 0.000 0.000
-1.500 -1.500 1.000 0.000 0.000 0.000 0.000 0.000 0.000 0.000 0.000
-1.500 -1.500 1.000 0.000 0.000 0.000 0.000 0.000 0.000 0.000 0.000
-1.500 -1.500 1.000 0.000 0.000 0.000 0.000 0.000 0.000 0.000 0.000
-1.500 -1.500 1.000 0.000 0.000 0.000 0.000 0.000 0.000 0.000 0.000
-1.500 -1.500 1.000 0.000 0.000 0.000 0.000 0.000 0.000 0.000 0.000
-1.500 -1.500 1.000 0.000 0.000 0.000 0.000 0.000 0.000 0.000 0.000
-1.500 -1.500 1.000 0.000 0.000 0.000 0.000 0.000 0.000 0.000 0.000
-1.500 -1.500 1.000 0.000 0.000 0.000 0.000 0.000 0.000 0.000 0.000
-1.500 -1.500 1.000 0.000 0.000 0.000 0.000 0.000 0.000 0.000 0.000
-1.500 -1.500 1.000 0.000 0.000 0.000 0.000 0.000 0.000 0.000 0.000
-1.500 -1.500 1.000 0.000 0.000 0.000 0.000 0.000 0.000 0.000 0.000
-1.500 -1.500 1.000 0.000 0.000 0.000 0.000 0.000 0.000 0.000 0.000
-1.500 -1.500 1.000 0.000 0.000 0.000 0.000 0.000 0.000 0.000 0.000
-1.500 -1.500 1.000 0.000 0.000 0.000 0.000 0.000 0.000 0.000 0.000
-1.500 -1.500 1.000 0.000 0.000 0.000 0.000 0.000 0.000 0.000 0.000
-1.500 -1.500 1.000 0.000 0.000 0.000 0.000 0.000 0.000 0.000 0.000
-1.500 -1.500 1.000 0.000 0.000 0.000 0.000 0.000 0.000 0.000 0.000
-1.500 -1.500 1.000 0.000 0.000 0.000 0.000 0.000 0.000 0.000 0.000
-1.500 -1.500 1.000 0.000 0.000 0.000 0.000 0.000 0.000 0.000 0.000
-1.500 -1.500 1.000 0.000 0.000 0.000 0.000 0.000 0.000 0.000 0.000
-1.500 -1.500 1.000 0.000 0.000 0.000 0.000 0.000 0.000 0.000 0.000
-1.500 -1.500 1.000 0.000 0.000 0.000 0.000 0.000 0.000 0.000 0.000
-1.500 -1.500 1.000 0.000 0.000 0.000 0.000 0.000 0.000 0.000 0.000
-1.500 -1.500 1.000 0.000 0.000 0.000 0.000 0.000 0.000 0.000 0.000
-1.500 -1.500 1.000 0.000 0.000 0.000 0.000 0.000 0.000 0.000 0.000
-1.500 -1.500 1.000 0.000 0.000 0.000 0.000 0.000 0.000 0.000 0.000
-1.500 -1.500 1.000 0.000 0.000 0.000 0.000 0.000 0.000 0.000 0.000
-1.500 -1.500 1.000 0.000 0.000 0.000 0.000 0.000 0.000 0.000 0.000
-1.500 -1.500 1.000 0.000 0.000 0.000 0.000 0.000 0.000 0.000 0.000
-1.500 -1.500 1.000 0.000 0.000 0.000 0.000 0.000 0.000 0.000 0.000
-1.500 -1.500 1.000 0.000 0.000 0.000 0.000 0.000 0.000 0.000 0.000
-1.500 -1.500 1.000 0.000 0.000 0.000 0.000 0.000 0.000 0.000 0.000
-1.500 -1.500 1.000 0.000 0.000 0.000 0.000 0.000 0.000 0.000 0.000
-1.500 -1.500 1.000 0.000 0.000 0.000 0.000 0.000 0.000 0.000 0.000
-1.500 -1.500 1.000 0.000 0.000 0.000 0.000 0.000 0.000 0.000 0.000
-1.500 -1.500 1.000 0.000 0.000 0.000 0.000 0.000 0.000 0.000 0.000
-1.500 -1.500 1.000 0.000 0.000 0.000 0.000 0.000 0.000 0.000 0.000
-1.500 -1.500 1.000 0.000 0.000 0.000 0.000 0.000 0.000 0.000 0.000
-1.500 -1.500 1.000 0.000 0.000 0.000 0.000 0.000 0.000 0.000 0.000
-1.500 -1.500 1.000 0.000 0.000 0.000 0.000 0.000 0.000 0.000 0.000
-1.500 -1.500 1.000 0.000 0.000 0.000 0.000 0.000 0.000 0.000 0.000
-1.500 -1.500 1.000 0.000 0.000 0.000 0.000 0.000 0.000 0.000 0.000
-1.500 -1.500 1.000 0.000 0.000 0.000 0.000 0.000 0.000 0.000 0.000
-1.500 -1.500 1.000 0.000 0.000 0.000 0.000 0.000 0.000 0.000 0.000
-1.500 -1.500 1.000 0.000 0.000 0.000 0.000 0.000 0.000 0.000 0.000
-1.500 -1.500 1.000 0.000 0.000 0.000 0.000 0.000 0.000 0.000 0.000
-1.500 -1.500 1.000 0.000 0.000 0.000 0.000 0.000 0.000 0.000 0.000
-1.500 -1.500 1.000 0.000 0.000 0.000 0.000 0.000 0.000 0.000 0.000
-1.500 -1.500 1.000 0.000 0.000 0.000 0.000 0.000 0.000 0.000 0.000
-1.500 -1.500 1.000 0.000 0.000 0.000 0.000 0.000 0.000 0.000 0.000
-1.500 -1.500 1.000 0.000 0.000 0.000 0.000 0.000 0.000 0.000 0.000
-1.500 -1.500 1.000 0.000 0.000 0.000 0.000 0.000 0.000 0.000 0.000
-1.500 -1.500 1.000 0.000 0.000 0.000 0.000 0.000 0.000 0.000 0.000
-1.500 -1.500 1.000 0.000 0.000 0.000 0.000 0.000 0.000 0.000 0.000
-1.500 -1.500 1.000 0.000 0.000 0.000 0.000 0.000 0.000 0.000 0.000
-1.500 -1.500 1.000 0.000 0.000 0.000 0.000 0.000 0.000 0.000 0.000
-1.500 -1.500 1.000 0.000 0.000 0.000 0.000 0.000 0.000 0.000 0.000
-1.500 -1.500 1.000 0.000 0.000 0.000 0.000 0.000 0.000 0.000 0.000
-1.500 -1.500 1.000 0.000 0.000 0.000 0.000 0.000 0.000 0.000 0.000
-1.500 -1.500 1.000 0.000 0.000 0.000 0.000 0.000 0.000 0.000 0.000
-1.500 -1.500 1.000 0.000 0.000 0.000 0.000 0.000 0.000 0.000 0.000
-1.500 -1.500 1.000 0.000 0.000 0.000 0.000 0.000 0.000 0.000 0.000
-1.500 -1.500 1.000 0.000 0.000 0.000 0.000 0.000 0.000 0.000 0.000
-1.500 -1.500 1.000 0.000 0.000 0.000 0.000 0.000 0.000 0.000 0.000
-1.500 -1.500 1.000 0.000 0.000 0.000 0.000 0.000 0.000 0.000 0.000
-1.500 -1.500 1.000 0.000 0.000 0.000 0.000 0.000 0.000 0.000 0.000
-1.500 -1.500 1.000 0.000 0.000 0.000 0.000 0.000 0.000 0.000 0.000
-1.500 -1.500 1.000 0.000 0.000 0.000 0.000 0.000 0.000 0.000 0.000
-1.500 -1.500 1.000 0.000 0.000 0.000 0.000 0.000 0.000 0.000 0.000
-1.500 -1.500 1.000 0.000 0.000 0.000 0.000 0.000 0.000 0.000 0.000
-1.500 -1.500 1.000 0.000 0.000 0.000 0.000 0.000 0.000 0.000 0.000
-1.500 -1.500 1.000 0.000 0.000 0.000 0.000 0.000 0.000 0.000 0.000
-1.500 -1.500 1.000 0.000 0.000 0.000 0.000 0.000 0.000 0.000 0.000
-1.500 -1.500 1.000 0.000 0.000 0.000 0.000 0.000 0.000 0.000 0.000
-1.500 -1.500 1.000 0.000 0.000 0.000 0.000 0.000 0.000 0.000 0.000
-1.500 -1.500 1.000 0.000 0.000 0.000 0.000 0.000 0.000 0.000 0.000
-1.500 -1.500 1.000 0.000 0.000 0.000 0.000 0.000 0.000 0.000 0.000
-1.500 -1.500 1.000 0.000 0.000 0.000 0.000 0.000 0.000 0.000 0.000
-1.500 -1.500 1.000 0.000 0.000 0.000 0.000 0.000 0.000 0.000 0.000
-1.500 -1.500 1.000 0.000 0.000 0.000 0.000 0.000 0.000 0.000 0.000
-1.500 -1.500 1.000 0.000 0.000 0.000 0.000 0.000 0.000 0.000 0.000
-1.500 -1.500 1.000 0.000 0.000 0.000 0.000 0.000 0.000 0.000 0.000
-1.500 -1.500 1.000 0.000 0.000 0.000 0.000 0.000 0.000 0.000 0.000
-1.500 -1.500 1.000 0.000 0.000 0.000 0.000 0.000 0.000 0.000 0.000
-1.500 -1.500 1.000 0.000 0.000 0.000 0.000 0.000 0.000 0.000 0.000
-1.500 -1.500 1.000 0.000 0.000 0.000 0.000 0.000 0.000 0.000 0.000
-1.500 -1.500 1.000 0.000 0.000 0.000 0.000 0.000 0.000 0.000 0.000
-1.500 -1.500 1.000 0.000 0.000 0.000 0.000 0.000 0.000 0.000 0.000
-1.500 -1.500 1.000 0.000 0.000 0.000 0.000 0.000 0.000 0.000 0.000
-1.500 -1.500 1.000 0.000 0.000 0.000 0.000 0.000 0.000 0.000 0.000
-1.500 -1.500 1.000 0.000 0.000 0.000 0.000 0.000 0.000 0.000 0.000
-1.500 -1.500 1.000 0.000 0.000 0.000 0.000 0.000 0.000 0.000 0.000
-1.500 -1.500 1.000 0.000 0.000 0.000 0.000 0.000 0.000 0.000 0.000
-1.500 -1.500 1.000 0.000 0.000 0.000 0.000 0.000 0.000 0.000 0.000
-1.500 -1.500 1.000 0.000 0.000 0.000 0.000 0.000 0.000 0.000 0.000
-1.500 -1.500 1.000 0.000 0.000 0.000 0.000 0.000 0.000 0.000 0.000
-1.500 -1.500 1.000 0.000 0.000 0.000 0.000 0.000 0.000 0.000 0.000
-1.500 -1.500 1.000 0.000 0.000 0.000 0.000 0.000 0.000 0.000 0.000
-1.500 -1.500 1.000 0.000 0.000 0.000 0.000 0.000 0.000 0.000 0.000
-1.500 -1.500 1.000 0.000 0.000 0.000 0.000 0.000 0.000 0.000 0.000
-1.500 -1.500 1.000 0.000 0.000 0.000 0.000 0.000 0.000 0.000 0.000
-1.500 -1.500 1.000 0.000 0.000 0.000 0.000 0.000 0.000 0.000 0.000
-1.500 -1.500 1.000 0.000 0.000 0.000 0.000 0.000 0.000 0.000 0.000
-1.500 -1.500 1.000 0.000 0.000 0.000 0.000 0.000 0.000 0.000 0.000
-1.500 -1.500 1.000 0.000 0.000 0.000 0.000 0.000 0.000 0.000 0.000
-1.500 -1.500 1.000 0.000 0.000 0.000 0.000 0.000 0.000 0.000 0.000
-1.500 -1.500 1.000 0.000 0.000 0.000 0.000 0.000 0.000 0.000 0.000
-1.500 -1.500 1.000 0.000 0.000 0.000 0.000 0.000 0.000 0.000 0.000
-1.500 -1.500 1.000 0.000 0.000 0.000 0.000 0.000 0.000 0.000 0.000
-1.500 -1.500 1.000 0.000 0.000 0.000 0.000 0.000 0.000 0.000 0.000
-1.500 -1.500 1.000 0.000 0.000 0.000 0.000 0.000 0.000 0.000 0.000
-1.500 -1.500 1.000 0.000 0.000 0.000 0.000 0.000 0.000 0.000 0.000
-1.500 -1.500 1.000 0.000 0.000 0.000 0.000 0.000 0.000 0.000 0.000
-1.500 -1.500 1.000 0.000 0.000 0.000 0.000 0.000 0.000 0.000 0.000
-1.500 -1.500 1.000 0.000 0.000 0.000 0.000 0.000 0.000 0.000 0.000
-1.500 -1.500 1.000 0.000 0.000 0.000 0.000 0.000 0.000 0.000 0.000
-1.500 -1.500 1.000 0.000 0.000 0.000 0.000 0.000 0.000 0.000 0.000
-1.500 -1.500 1.000 0.000 0.000 0.000 0.000 0.000 0.000 0.000 0.000
-1.500 -1.500 1.000 0.000 0.000 0.000 0.000 0.000 0.000 0.000 0.000
-1.500 -1.500 1.000 0.000 0.000 0.000 0.000 0.000 0.000 0.000 0.000
-1.500 -1.500 1.000 0.000 0.000 0.000 0.000 0.000 0.000 0.000 0.000
-1.500 -1.500 1.000 0.000 0.000 0.000 0.000 0.000 0.000 0.000 0.000
-1.500 -1.500 1.000 0.000 0.000 0.000 0.000 0.000 0.000 0.000 0.000
-1.500 -1.500 1.000 0.000 0.000 0.000 0.000 0.000 0.000 0.000 0.000
-1.500 -1.500 1.000 0.000 0.000 0.000 0.000 0.000 0.000 0.000 0.000
-1.500 -1.500 1.000 0.000 0.000 0.000 0.000 0.000 0.000 0.000 0.000
-1.500 -1.500 1.000 0.000 0.000 0.000 0.000 0.000 0.000 0.000 0.000
-1.500 -1.500 1.000 0.000 0.000 0.000 0.000 0.000 0.000 0.000 0.000
-1.500 -1.500 1.000 0.000 0.000 0.000 0.000 0.000 0.000 0.000 0.000
-1.500 -1.500 1.000 0.000 0.000 0.000 0.000 0.000 0.000 0.000 0.000
-1.500 -1.500 1.000 0.000 0.000 0.000 0.000 0.000 0.000 0.000 0.000
-1.500 -1.500 1.000 0.000 0.000 0.000 0.000 0.000 0.000 0.000 0.000
-1.500 -1.500 1.000 0.000 0.000 0.000 0.000 0.000 0.000 0.000 0.000
-1.500 -1.500 1.000 0.000 0.000 0.000 0.000 0.000 0.000 0.000 0.000
-1.500 -1.500 1.000 0.000 0.000 0.000 0.000 0.000 0.000 0.000 0.000
-1.500 -1.500 1.000 0.000 0.000 0.000 0.000 0.000 0.000 0.000 0.000
-1.500 -1.500 1.000 0.000 0.000 0.000 0.000 0.000 0.000 0.000 0.000
-1.500 -1.500 1.000 0.000 0.000 0.000 0.000 0.000 0.000 0.000 0.000
-1.500 -1.500 1.000 0.000 0.000 0.000 0.000 0.000 0.000 0.000 0.000
-1.500 -1.500 1.000 0.000 0.000 0.000 0.000 0.000 0.000 0.000 0.000
-1.500 -1.500 1.000 0.000 0.000 0.000 0.000 0.000 0.000 0.000 0.000
-1.500 -1.500 1.000 0.000 0.000 0.000 0.000 0.000 0.000 0.000 0.000
-1.500 -1.500 1.000 0.000 0.000 0.000 0.000 0.000 0.000 0.000 0.000
-1.500 -1.500 1.000 0.000 0.000 0.000 0.000 0.000 0.000 0.000 0.000
-1.500 -1.500 1.000 0.000 0.000 0.000 0.000 0.000 0.000 0.000 0.000
-1.500 -1.500 1.000 0.000 0.000 0.000 0.000 0.000 0.000 0.000 0.000
-1.500 -1.500 1.000 0.000 0.000 0.000 0.000 0.000 0.000 0.000 0.000
-1.500 -1.500 1.000 0.000 0.000 0.000 0.000 0.000 0.000 0.000 0.000
-1.500 -1.500 1.000 0.000 0.000 0.000 0.000 0.000 0.000 0.000 0.000
-1.500 -1.500 1.000 0.000 0.000 0.000 0.000 0.000 0.000 0.000 0.000
-1.500 -1.500 1.000 0.000 0.000 0.000 0.000 0.000 0.000 0.000 0.000
-1.500 -1.500 1.000 0.000 0.000 0.000 0.000 0.000 0.000 0.000 0.000
-1.500 -1.500 1.000 0.000 0.000 0.000 0.000 0.000 0.000 0.000 0.000
-1.500 -1.500 1.000 0.000 0.000 0.000 0.000 0.000 0.000 0.000 0.000
-1.500 -1.500 1.000 0.000 0.000 0.000 0.000 0.000 0.000 0.000 0.000
-1.500 -1.500 1.000 0.000 0.000 0.000 0.000 0.000 0.000 0.000 0.000
-1.500 -1.500 1.000 0.000 0.000 0.000 0.000 0.000 0.000 0.000 0.000
-1.500 -1.500 1.000 0.000 0.000 0.000 0.000 0.000 0.000 0.000 0.000
-1.500 -1.500 1.000 0.000 0.000 0.000 0.000 0.000 0.000 0.000 0.000
-1.500 -1.500 1.000 0.000 0.000 0.000 0.000 0.000 0.000 0.000 0.000
-1.500 -1.500 1.000 0.000 0.000 0.000 0.000 0.000 0.000 0.000 0.000
-1.500 -1.500 1.000 0.000 0.000 0.000 0.000 0.000 0.000 0.000 0.000
-1.500 -1.500 1.000 0.000 0.000 0.000 0.000 0.000 0.000 0.000 0.000
-1.500 -1.500 1.000 0.000 0.000 0.000 0.000 0.000 0.000 0.000 0.000
-1.500 -1.500 1.000 0.000 0.000 0.000 0.000 0.000 0.000 0.000 0.000
-1.500 -1.500 1.000 0.000 0.000 0.000 0.000 0.000 0.000 0.000 0.000
-1.500 -1.500 1.000 0.000 0.000 0.000 0.000 0.000 0.000 0.000 0.000
-1.500 -1.500 1.000 0.000 0.000 0.000 0.000 0.000 0.000 0.000 0.000
-1.500 -1.500 1.000 0.000 0.000 0.000 0.000 0.000 0.000 0.000 0.000
-1.500 -1.500 1.000 0.000 0.000 0.000 0.000 0.000 0.000 0.000 0.000
-1.500 -1.500 1.000 0.000 0.000 -0.006 0.000 0.000 -0.250 0.000 0.000
-1.500 -1.500 0.999 0.000 0.000 -0.025 0.000 0.000 -0.500 0.000 0.000
-1.500 -1.500 0.997 0.000 0.000 -0.050 0.000 0.000 -0.500 0.000 0.000
-1.500 -1.500 0.994 0.000 0.000 -0.075 0.000 0.000 -0.500 0.000 0.000
-1.500 -1.500 0.990 0.000 0.000 -0.100 0.000 0.000 -0.500 0.000 0.000
-1.500 -1.500 0.984 0.000 0.000 -0.125 0.000 0.000 -0.500 0.000 0.000
-1.500 -1.500 0.977 0.000 0.000 -0.150 0.000 0.000 -0.500 0.000 0.000
-1.500 -1.500 0.969 0.000 0.000 -0.175 0.000 0.000 -0.500 0.000 0.000
-1.500 -1.500 0.960 0.000 0.000 -0.200 0.000 0.000 -0.500 0.000 0.000
-1.500 -1.500 0.949 0.000 0.000 -0.225 0.000 0.000 -0.500 0.000 0.000
-1.500 -1.500 0.937 0.000 0.000 -0.250 0.000 0.000 -0.500 0.000 0.000
-1.500 -1.500 0.924 0.000 0.000 -0.275 0.000 0.000 -0.500 0.000 0.000
-1.500 -1.500 0.910 0.000 0.000 -0.300 0.000 0.000 -0.500 0.000 0.000
-1.500 -1.500 0.894 0.000 0.000 -0.325 0.000 0.000 -0.500 0.000 0.000
-1.500 -1.500 0.877 0.000 0.000 -0.350 0.000 0.000 -0.500 0.000 0.000
-1.500 -1.500 0.859 0.000 0.000 -0.375 0.000 0.000 -0.500 0.000 0.000
-1.500 -1.500 0.840 0.000 0.000 -0.400 0.000 0.000 -0.500 0.000 0.000
-1.500 -1.500 0.819 0.000 0.000 -0.425 0.000 0.000 -0.500 0.000 0.000
-1.500 -1.500 0.797 0.000 0.000 -0.450 0.000 0.000 -0.500 0.000 0.000
-1.500 -1.500 0.774 0.000 0.000 -0.475 0.000 0.000 -0.500 0.000 0.000
-1.500 -1.500 0.750 0.000 0.000 -0.494 0.000 0.000 -0.250 0.000 0.000
-1.500 -1.500 0.725 0.000 0.000 -0.500 0.000 0.000 0.000 0.000 0.000
-1.500 -1.500 0.700 0.000 0.000 -0.500 0.000 0.000 0.000 0.000 0.000
-1.500 -1.500 0.675 0.000 0.000 -0.500 0.000 0.000 0.000 0.000 0.000
-1.500 -1.500 0.650 0.000 0.000 -0.500 0.000 0.000 0.000 0.000 0.000
-1.500 -1.500 0.625 0.000 0.000 -0.500 0.000 0.000 0.000 0.000 0.000
-1.500 -1.500 0.600 0.000 0.000 -0.500 0.000 0.000 0.000 0.000 0.000
-1.500 -1.500 0.575 0.000 0.000 -0.500 0.000 0.000 0.000 0.000 0.000
-1.500 -1.500 0.550 0.000 0.000 -0.500 0.000 0.000 0.000 0.000 0.000
-1.500 -1.500 0.525 0.000 0.000 -0.500 0.000 0.000 0.000 0.000 0.000
-1.500 -1.500 0.500 0.000 0.000 -0.500 0.000 0.000 0.000 0.000 0.000
-1.500 -1.500 0.475 0.000 0.000 -0.500 0.000 0.000 0.000 0.000 0.000
-1.500 -1.500 0.450 0.000 0.000 -0.500 0.000 0.000 0.000 0.000 0.000
-1.500 -1.500 0.425 0.000 0.000 -0.500 0.000 0.000 0.000 0.000 0.000
-1.500 -1.500 0.400 0.000 0.000 -0.500 0.000 0.000 0.000 0.000 0.000
-1.500 -1.500 0.375 0.000 0.000 -0.500 0.000 0.000 0.000 0.000 0.000
-1.500 -1.500 0.350 0.000 0.000 -0.500 0.000 0.000 0.000 0.000 0.000
-1.500 -1.500 0.325 0.000 0.000 -0.500 0.000 0.000 0.000 0.000 0.000
-1.500 -1.500 0.300 0.000 0.000 -0.500 0.000 0.000 0.000 0.000 0.000
-1.500 -1.500 0.275 0.000 0.000 -0.500 0.000 0.000 0.000 0.000 0.000
-1.500 -1.500 0.250 0.000 0.000 -0.500 0.000 0.000 0.000 0.000 0.000
-1.500 -1.500 0.225 0.000 0.000 -0.500 0.000 0.000 0.000 0.000 0.000
-1.500 -1.500 0.200 0.000 0.000 -0.500 0.000 0.000 0.000 0.000 0.000
-1.500 -1.500 0.175 0.000 0.000 -0.500 0.000 0.000 0.000 0.000 0.000
-1.500 -1.500 0.150 0.000 0.000 -0.499 0.000 0.000 0.081 0.000 0.000
-1.500 -1.500 0.125 0.000 0.000 -0.489 0.000 0.000 0.331 0.000 0.000
-1.500 -1.500 0.101 0.000 0.000 -0.466 0.000 0.000 0.581 0.000 0.000
-1.500 -1.500 0.079 0.000 0.000 -0.431 0.000 0.000 0.831 0.000 0.000
-1.500 -1.500 0.058 0.000 0.000 -0.383 0.000 0.000 1.081 0.000 0.000
-1.500 -1.500 0.041 0.000 0.000 -0.323 0.000 0.000 1.331 0.000 0.000
-1.500 -1.500 0.026 0.000 0.000 -0.250 0.000 0.000 1.581 0.000 0.000
-1.500 -1.500 0.016 0.000 0.000 -0.177 0.000 0.000 1.331 0.000 0.000
-1.500 -1.500 0.008 0.000 0.000 -0.117 0.000 0.000 1.081 0.000 0.000
-1.500 -1.500 0.004 0.000 0.000 -0.069 0.000 0.000 0.831 0.000 0.000
-1.500 -1.500 0.001 0.000 0.000 -0.034 0.000 0.000 0.581 0.000 0.000
-1.500 -1.500 0.000 0.000 0.000 -0.011 0.000 0.000 0.331 0.000 0.000
-1.500 -1.500 -0.000 0.000 0.000 -0.001 0.000 0.000 0.081 0.000 0.000
