-1.500 1.500 0.000 0.000 0.000 0.000 0.000 0.000 0.000 0.000 0.000
-1.500 1.500 0.000 0.000 0.000 0.006 0.000 0.000 0.250 0.000 0.000
-1.500 1.500 0.001 0.000 0.000 0.025 0.000 0.000 0.500 0.000 0.000
-1.500 1.500 0.003 0.000 0.000 0.056 0.000 0.000 0.750 0.000 0.000
-1.500 1.500 0.007 0.000 0.000 0.100 0.000 0.000 1.000 0.000 0.000
-1.500 1.500 0.013 0.000 0.000 0.156 0.000 0.000 1.250 0.000 0.000
-1.500 1.500 0.023 0.000 0.000 0.225 0.000 0.000 1.500 0.000 0.000
-1.500 1.500 0.036 0.000 0.000 0.301 0.000 0.000 1.412 0.000 0.000
-1.500 1.500 0.052 0.000 0.000 0.365 0.000 0.000 1.162 0.000 0.000
-1.500 1.500 0.072 0.000 0.000 0.417 0.000 0.000 0.912 0.000 0.000
-1.500 1.500 0.094 0.000 0.000 0.456 0.000 0.000 0.662 0.000 0.000
-1.500 1.500 0.117 0.000 0.000 0.483 0.000 0.000 0.412 0.000 0.000
-1.500 1.500 0.142 0.000 0.000 0.497 0.000 0.000 0.162 0.000 0.000
-1.500 1.500 0.167 0.000 0.000 0.500 0.000 0.000 0.000 0.000 0.000
-1.500 1.500 0.192 0.000 0.000 0.500 0.000 0.000 0.000 0.000 0.000
-1.500 1.500 0.217 0.000 0.000 0.500 0.000 0.000 0.000 0.000 0.000
-1.500 1.500 0.242 0.000 0.000 0.500 0.000 0.000 0.000 0.000 0.000
-1.500 1.500 0.267 0.000 0.000 0.500 0.000 0.000 0.000 0.000 0.000
-1.500 1.500 0.292 0.000 0.000 0.500 0.000 0.000 0.000 0.000 0.000
-1.500 1.500 0.317 0.000 0.000 0.500 0.000 0.000 0.000 0.000 0.000
-1.500 1.500 0.342 0.000 0.000 0.500 0.000 0.000 0.000 0.000 0.000
-1.500 1.500 0.367 0.000 0.000 0.500 0.000 0.000 0.000 0.000 0.000
-1.500 1.500 0.392 0.000 0.000 0.500 0.000 0.000 0.000 0.000 0.000
-1.500 1.500 0.417 0.000 0.000 0.500 0.000 0.000 0.000 0.000 0.000
-1.500 1.500 0.442 0.000 0.000 0.500 0.000 0.000 0.000 0.000 0.000
-1.500 1.500 0.467 0.000 0.000 0.500 0.000 0.000 0.000 0.000 0.000
-1.500 1.500 0.492 0.000 0.000 0.500 0.000 0.000 0.000 0.000 0.000
-1.500 1.500 0.517 0.000 0.000 0.500 0.000 0.000 0.000 0.000 0.000
-1.500 1.500 0.542 0.000 0.000 0.500 0.000 0.000 0.000 0.000 0.000
-1.500 1.500 0.567 0.000 0.000 0.500 0.000 0.000 0.000 0.000 0.000
-1.500 1.500 0.592 0.000 0.000 0.500 0.000 0.000 0.000 0.000 0.000
-1.500 1.500 0.617 0.000 0.000 0.500 0.000 0.000 0.000 0.000 0.000
-1.500 1.500 0.642 0.000 0.000 0.500 0.000 0.000 0.000 0.000 0.000
-1.500 1.500 0.667 0.000 0.000 0.500 0.000 0.000 0.000 0.000 0.000
-1.500 1.500 0.692 0.000 0.000 0.500 0.000 0.000 0.000 0.000 0.000
-1.500 1.500 0.717 0.000 0.000 0.500 0.000 0.000 0.000 0.000 0.000
-1.500 1.500 0.742 0.000 0.000 0.497 0.000 0.000 -0.169 0.000 0.000
-1.500 1.500 0.766 0.000 0.000 0.482 0.000 0.000 -0.419 0.000 0.000
-1.500 1.500 0.790 0.000 0.000 0.458 0.000 0.000 -0.500 0.000 0.000
-1.500 1.500 0.812 0.000 0.000 0.433 0.000 0.000 -0.500 0.000 0.000
-1.500 1.500 0.833 0.000 0.000 0.408 0.000 0.000 -0.500 0.000 0.000
-1.500 1.500 0.853 0.000 0.000 0.383 0.000 0.000 -0.500 0.000 0.000
-1.500 1.500 0.872 0.000 0.000 0.358 0.000 0.000 -0.500 0.000 0.000
-1.500 1.500 0.889 0.000 0.000 0.333 0.000 0.000 -0.500 0.000 0.000
-1.500 1.500 0.905 0.000 0.000 0.308 0.000 0.000 -0.500 0.000 0.000
-1.500 1.500 0.920 0.000 0.000 0.283 0.000 0.000 -0.500 0.000 0.000
-1.500 1.500 0.933 0.000 0.000 0.258 0.000 0.000 -0.500 0.000 0.000
-1.500 1.500 0.945 0.000 0.000 0.233 0.000 0.000 -0.500 0.000 0.000
-1.500 1.500 0.956 0.000 0.000 0.208 0.000 0.000 -0.500 0.000 0.000
-1.500 1.500 0.966 0.000 0.000 0.183 0.000 0.000 -0.500 0.000 0.000
-1.500 1.500 0.975 0.000 0.000 0.158 0.000 0.000 -0.500 0.000 0.000
-1.500 1.500 0.982 0.000 0.000 0.133 0.000 0.000 -0.500 0.000 0.000
-1.500 1.500 0.988 0.000 0.000 0.108 0.000 0.000 -0.500 0.000 0.000
-1.500 1.500 0.993 0.000 0.000 0.083 0.000 0.000 -0.500 0.000 0.000
-1.500 1.500 0.996 0.000 0.000 0.058 0.000 0.000 -0.500 0.000 0.000
-1.500 1.500 0.999 0.000 0.000 0.033 0.000 0.000 -0.500 0.000 0.000
-1.500 1.500 1.000 0.000 0.000 0.011 0.000 0.000 -0.331 0.000 0.000
-1.500 1.500 1.000 0.000 0.000 0.001 0.000 0.000 -0.081 0.000 0.000
-1.500 1.500 1.000 0.000 0.000 0.000 0.000 -0.000 0.000 0.000 0.000
-1.500 1.500 1.000 0.000 0.000 0.000 0.000 -0.000 0.000 0.000 0.000
-1.500 1.500 1.000 0.000 0.000 0.000 0.000 -0.000 0.000 0.000 0.000
-1.500 1.500 1.000 0.000 0.000 0.000 0.000 -0.000 0.000 0.000 0.000
-1.500 1.500 1.000 0.000 0.000 0.000 0.000 -0.000 0.000 0.000 0.000
-1.500 1.500 1.000 0.000 0.000 0.000 0.000 -0.000 0.000 0.000 0.000
-1.500 1.500 1.000 0.000 0.000 0.000 0.000 -0.000 0.000 0.000 0.000
-1.500 1.500 1.000 0.000 0.000 0.000 0.000 -0.000 0.000 0.000 0.000
-1.500 1.500 1.000 0.000 0.000 0.000 0.000 -0.000 0.000 0.000 0.000
-1.500 1.500 1.000 0.000 0.000 0.000 0.000 -0.000 0.000 0.000 0.000
-1.500 1.500 1.000 0.000 0.000 0.000 0.000 -0.000 0.000 0.000 0.000
-1.500 1.500 1.000 0.000 0.000 0.000 0.000 -0.000 0.000 0.000 0.000
-1.500 1.500 1.000 0.000 0.000 0.000 0.000 -0.000 0.000 0.000 0.000
-1.500 1.500 1.000 0.000 0.000 0.000 0.000 -0.000 0.000 0.000 0.000
-1.500 1.500 1.000 0.000 0.000 0.000 0.000 -0.000 0.000 0.000 0.000
-1.500 1.500 1.000 0.000 0.000 0.000 0.000 -0.000 0.000 0.000 0.000
-1.500 1.500 1.000 0.000 0.000 0.000 0.000 -0.000 0.000 0.000 0.000
-1.500 1.500 1.000 0.000 0.000 0.000 0.000 -0.000 0.000 0.000 0.000
-1.500 1.500 1.000 0.000 0.000 0.000 0.000 -0.000 0.000 0.000 0.000
-1.500 1.500 1.000 0.000 0.000 0.000 0.000 -0.000 0.000 0.000 0.000
-1.500 1.500 1.000 0.000 0.000 0.000 0.000 -0.000 0.000 0.000 0.000
-1.500 1.500 1.000 0.000 0.000 0.000 0.000 -0.000 0.000 0.000 0.000
-1.500 1.500 1.000 0.000 0.000 0.000 0.000 -0.000 0.000 0.000 0.000
-1.500 1.500 1.000 0.000 0.000 0.000 0.000 -0.000 0.000 0.000 0.000
-1.500 1.500 1.000 0.000 0.000 0.000 0.000 -0.000 0.000 0.000 0.000
-1.500 1.500 1.000 0.000 0.000 0.000 0.000 -0.000 0.000 0.000 0.000
-1.500 1.500 1.000 0.000 0.000 0.000 0.000 -0.000 0.000 0.000 0.000
-1.500 1.500 1.000 0.000 0.000 0.000 0.000 -0.000 0.000 0.000 0.000
-1.500 1.500 1.000 0.000 0.000 0.000 0.000 -0.000 0.000 0.000 0.000
-1.500 1.500 1.000 0.000 0.000 0.000 0.000 -0.000 0.000 0.000 0.000
-1.500 1.500 1.000 0.000 0.000 0.000 0.000 -0.000 0.000 0.000 0.000
-1.500 1.500 1.000 0.000 0.000 0.000 0.000 -0.000 0.000 0.000 0.000
-1.500 1.500 1.000 0.000 0.000 0.000 0.000 -0.000 0.000 0.000 0.000
-1.500 1.500 1.000 0.000 0.000 0.000 0.000 -0.000 0.000 0.000 0.000
-1.500 1.500 1.000 0.000 0.000 0.000 0.000 -0.000 0.000 0.000 0.000
-1.500 1.500 1.000 0.000 0.000 0.000 0.000 -0.000 0.000 0.000 0.000
-1.500 1.500 1.000 0.000 0.000 0.000 0.000 -0.000 0.000 0.000 0.000
-1.500 1.500 1.000 0.000 0.000 0.000 0.000 -0.000 0.000 0.000 0.000
-1.500 1.500 1.000 0.000 0.000 0.000 0.000 -0.000 0.000 0.000 0.000
-1.500 1.500 1.000 0.000 0.000 0.000 0.000 -0.000 0.000 0.000 0.000
-1.500 1.500 1.000 0.000 0.000 0.000 0.000 -0.000 0.000 0.000 0.000
-1.500 1.500 1.000 0.000 0.000 0.000 0.000 -0.000 0.000 0.000 0.000
-1.500 1.500 1.000 0.000 0.000 0.000 0.000 -0.000 0.000 0.000 0.000
-1.500 1.500 1.000 0.000 0.000 0.000 0.000 -0.000 0.000 0.000 0.000
-1.500 1.500 1.000 0.000 0.000 0.000 0.000 -0.000 0.000 0.000 0.000
-1.500 1.500 1.000 0.000 0.000 0.000 0.000 -0.000 0.000 0.000 0.000
-1.500 1.500 1.000 0.000 0.000 0.000 0.000 -0.000 0.000 0.000 0.000
-1.500 1.500 1.000 0.000 0.000 0.000 0.000 -0.000 0.000 0.000 0.000
-1.500 1.500 1.000 0.000 0.000 0.000 0.000 -0.000 0.000 0.000 0.000
-1.500 1.500 1.000 0.000 0.000 0.000 0.000 -0.000 0.000 0.000 0.000
-1.500 1.500 1.000 0.000 0.000 0.000 0.000 -0.000 0.000 0.000 0.000
-1.500 1.500 1.000 0.000 0.000 0.000 0.000 -0.000 0.000 0.000 0.000
-1.500 1.500 1.000 0.000 0.000 0.000 0.000 -0.000 0.000 0.000 0.000
-1.500 1.500 1.000 0.000 0.000 0.000 0.000 -0.000 0.000 0.000 0.000
-1.500 1.500 1.000 0.000 0.000 0.000 0.000 -0.000 0.000 0.000 0.000
-1.500 1.500 1.000 0.000 0.000 0.000 0.000 -0.000 0.000 0.000 0.000
-1.500 1.500 1.000 0.000 0.000 0.000 0.000 -0.000 0.000 0.000 0.000
-1.500 1.500 1.000 0.000 0.000 0.000 0.000 -0.000 0.000 0.000 0.000
-1.500 1.500 1.000 0.000 0.000 0.000 0.000 -0.000 0.000 0.000 0.000
-1.500 1.500 1.000 0.000 0.000 0.000 0.000 -0.000 0.000 0.000 0.000
-1.500 1.500 1.000 0.000 0.000 0.000 0.000 -0.000 0.000 0.000 0.000
-1.500 1.500 1.000 0.000 0.000 0.000 0.000 -0.000 0.000 0.000 0.000
-1.500 1.500 1.000 0.000 0.000 0.000 0.000 -0.000 0.000 0.000 0.000
-1.500 1.500 1.000 0.000 0.000 0.000 0.000 -0.000 0.000 0.000 0.000
-1.500 1.500 1.000 0.000 0.000 0.000 0.000 -0.000 0.000 0.000 0.000
-1.500 1.500 1.000 0.000 0.000 0.000 0.000 -0.000 0.000 0.000 0.000
-1.500 1.500 1.000 0.000 0.000 0.000 0.000 -0.000 0.000 0.000 0.000
-1.500 1.500 1.000 0.000 0.000 0.000 0.000 -0.000 0.000 0.000 0.000
-1.500 1.500 1.000 0.000 0.000 0.000 0.000 -0.000 0.000 0.000 0.000
-1.500 1.500 1.000 0.000 0.000 0.000 0.000 -0.000 0.000 0.000 0.000
-1.500 1.500 1.000 0.000 0.000 0.000 0.000 -0.000 0.000 0.000 0.000
-1.500 1.500 1.000 0.000 0.000 0.000 0.000 -0.000 0.000 0.000 0.000
-1.500 1.500 1.000 0.000 0.000 0.000 0.000 -0.000 0.000 0.000 0.000
-1.500 1.500 1.000 0.000 0.000 0.000 0.000 -0.000 0.000 0.000 0.000
-1.500 1.500 1.000 0.000 0.000 0.000 0.000 -0.000 0.000 0.000 0.000
-1.500 1.500 1.000 0.000 0.000 0.000 0.000 -0.000 0.000 0.000 0.000
-1.500 1.500 1.000 0.000 0.000 0.000 0.000 -0.000 0.000 0.000 0.000
-1.500 1.500 1.000 0.000 0.000 0.000 0.000 -0.000 0.000 0.000 0.000
-1.500 1.500 1.000 0.000 0.000 0.000 0.000 -0.000 0.000 0.000 0.000
-1.500 1.500 1.000 0.000 0.000 0.000 0.000 -0.000 0.000 0.000 0.000
-1.500 1.500 1.000 0.000 0.000 0.000 0.000 -0.000 0.000 0.000 0.000
-1.500 1.500 1.000 0.000 0.000 0.000 0.000 -0.000 0.000 0.000 0.000
-1.500 1.500 1.000 0.000 0.000 0.000 0.000 -0.000 0.000 0.000 0.000
-1.500 1.500 1.000 0.000 0.000 0.000 0.000 -0.000 0.000 0.000 0.000
-1.500 1.500 1.000 0.000 0.000 0.000 0.000 -0.000 0.000 0.000 0.000
-1.500 1.500 1.000 0.000 0.000 0.000 0.000 -0.000 0.000 0.000 0.000
-1.500 1.500 1.000 0.000 0.000 0.000 0.000 -0.000 0.000 0.000 0.000
-1.500 1.500 1.000 0.000 0.000 0.000 0.000 -0.000 0.000 0.000 0.000
-1.500 1.500 1.000 0.000 0.000 0.000 0.000 -0.000 0.000 0.000 0.000
-1.500 1.500 1.000 0.000 0.000 0.000 0.000 -0.000 0.000 0.000 0.000
-1.500 1.500 1.000 0.000 0.000 0.000 0.000 -0.000 0.000 0.000 0.000
-1.500 1.500 1.000 0.000 0.000 0.000 0.000 -0.000 0.000 0.000 0.000
-1.500 1.500 1.000 0.000 0.000 0.000 0.000 -0.000 0.000 0.000 0.000
-1.500 1.500 1.000 0.000 0.000 0.000 0.000 -0.000 0.000 0.000 0.000
-1.500 1.500 1.000 0.000 0.000 0.000 0.000 -0.000 0.000 0.000 0.000
-1.500 1.500 1.000 0.000 0.000 0.000 0.000 -0.000 0.000 0.000 0.000
-1.500 1.500 1.000 0.000 0.000 0.000 0.000 -0.000 0.000 0.000 0.000
-1.500 1.500 1.000 0.000 0.000 0.000 0.000 -0.000 0.000 0.000 0.000
-1.500 1.500 1.000 0.000 0.000 0.000 0.000 -0.000 0.000 0.000 0.000
-1.500 1.500 1.000 0.000 0.000 0.000 0.000 -0.000 0.000 0.000 0.000
-1.500 1.500 1.000 0.000 0.000 0.000 0.000 -0.000 0.000 0.000 0.000
-1.500 1.500 1.000 0.000 0.000 0.000 0.000 -0.000 0.000 0.000 0.000
-1.500 1.500 1.000 0.000 0.000 0.000 0.000 -0.000 0.000 0.000 0.000
-1.500 1.500 1.000 0.000 0.000 0.000 0.000 -0.000 0.000 0.000 0.000
-1.500 1.500 1.000 0.000 0.000 0.000 0.000 -0.000 0.000 0.000 0.000
-1.500 1.500 1.000 0.000 0.000 0.000 0.000 -0.000 0.000 0.000 0.000
-1.500 1.500 1.000 0.000 0.000 0.000 0.000 -0.000 0.000 0.000 0.000
-1.500 1.500 1.000 0.000 0.000 0.000 0.000 -0.000 0.000 0.000 0.000
-1.500 1.500 1.000 0.000 0.000 0.000 0.000 -0.000 0.000 0.000 0.000
-1.500 1.500 1.000 0.000 0.000 0.000 0.000 -0.000 0.000 0.000 0.000
-1.500 1.500 1.000 0.000 0.000 0.000 0.000 -0.000 0.000 0.000 0.000
-1.500 1.500 1.000 0.000 0.000 0.000 0.000 -0.000 0.000 0.000 0.000
-1.500 1.500 1.000 0.000 0.000 0.000 0.000 -0.000 0.000 0.000 0.000
-1.500 1.500 1.000 0.000 0.000 0.000 0.000 -0.000 0.000 0.000 0.000
-1.500 1.500 1.000 0.000 0.000 0.000 0.000 -0.000 0.000 0.000 0.000
-1.500 1.500 1.000 0.000 0.000 0.000 0.000 -0.000 0.000 0.000 0.000
-1.500 1.500 1.000 0.000 0.000 0.000 0.000 -0.000 0.000 0.000 0.000
-1.500 1.500 1.000 0.000 0.000 0.000 0.000 -0.000 0.000 0.000 0.000
-1.500 1.500 1.000 0.000 0.000 0.000 0.000 -0.000 0.000 0.000 0.000
-1.500 1.500 1.000 0.000 0.000 0.000 0.000 -0.000 0.000 0.000 0.000
-1.500 1.500 1.000 0.000 0.000 0.000 0.000 -0.000 0.000 0.000 0.000
-1.500 1.500 1.000 0.000 0.000 0.000 0.000 -0.000 0.000 0.000 0.000
-1.500 1.500 1.000 0.000 0.000 0.000 0.000 -0.000 0.000 0.000 0.000
-1.500 1.500 1.000 0.000 0.000 0.000 0.000 -0.000 0.000 0.000 0.000
-1.500 1.500 1.000 0.000 0.000 0.000 0.000 -0.000 0.000 0.000 0.000
-1.500 1.500 1.000 0.000 0.000 0.000 0.000 -0.000 0.000 0.000 0.000
-1.500 1.500 1.000 0.000 0.000 0.000 0.000 -0.000 0.000 0.000 0.000
-1.500 1.500 1.000 0.000 0.000 0.000 0.000 -0.000 0.000 0.000 0.000
-1.500 1.500 1.000 0.000 0.000 0.000 0.000 -0.000 0.000 0.000 0.000
-1.500 1.500 1.000 0.000 0.000 0.000 0.000 -0.000 0.000 0.000 0.000
-1.500 1.500 1.000 0.000 0.000 0.000 0.000 -0.000 0.000 0.000 0.000
-1.500 1.500 1.000 0.000 0.000 0.000 0.000 -0.000 0.000 0.000 0.000
-1.500 1.500 1.000 0.000 0.000 0.000 0.000 -0.000 0.000 0.000 0.000
-1.500 1.500 1.000 0.000 0.000 0.000 0.000 -0.000 0.000 0.000 0.000
-1.500 1.500 1.000 0.000 0.000 0.000 0.000 -0.000 0.000 0.000 0.000
-1.500 1.500 1.000 0.000 0.000 0.000 0.000 -0.000 0.000 0.000 0.000
-1.500 1.500 1.000 0.000 0.000 0.000 0.000 -0.000 0.000 0.000 0.000
-1.500 1.500 1.000 0.000 0.000 0.000 0.000 -0.000 0.000 0.000 0.000
-1.500 1.500 1.000 0.000 0.000 0.000 0.000 -0.000 0.000 0.000 0.000
-1.500 1.500 1.000 0.000 0.000 0.000 0.000 -0.000 0.000 0.000 0.000
-1.500 1.500 1.000 0.000 0.000 0.000 0.000 -0.000 0.000 0.000 0.000
-1.500 1.500 1.000 0.000 0.000 0.000 0.000 -0.000 0.000 0.000 0.000
-1.500 1.500 1.000 0.000 0.000 0.000 0.000 -0.000 0.000 0.000 0.000
-1.500 1.500 1.000 0.000 0.000 0.000 0.000 -0.000 0.000 0.000 0.000
-1.500 1.500 1.000 0.000 0.000 0.000 0.000 -0.000 0.000 0.000 0.000
-1.500 1.500 1.000 0.000 0.000 0.000 0.000 -0.000 0.000 0.000 0.000
-1.500 1.500 1.000 0.000 0.000 0.000 0.000 -0.000 0.000 0.000 0.000
-1.500 1.500 1.000 0.000 0.000 0.000 0.000 -0.000 0.000 0.000 0.000
-1.500 1.500 1.000 0.000 0.000 0.000 0.000 -0.000 0.000 0.000 0.000
-1.500 1.500 1.000 0.000 0.000 0.000 0.000 -0.000 0.000 0.000 0.000
-1.500 1.500 1.000 0.000 0.000 0.000 0.000 -0.000 0.000 0.000 0.000
-1.500 1.500 1.000 0.000 0.000 0.000 0.000 -0.000 0.000 0.000 0.000
-1.500 1.500 1.000 0.000 0.000 0.000 0.000 -0.000 0.000 0.000 0.000
-1.500 1.500 1.000 0.000 0.000 0.000 0.000 -0.000 0.000 0.000 0.000
-1.500 1.500 1.000 0.000 0.000 0.000 0.000 -0.000 0.000 0.000 0.000
-1.500 1.500 1.000 0.000 0.000 0.000 0.000 -0.000 0.000 0.000 0.000
-1.500 1.500 1.000 0.000 0.000 0.000 0.000 -0.000 0.000 0.000 0.000
-1.500 1.500 1.000 0.000 0.000 0.000 0.000 -0.000 0.000 0.000 0.000
-1.500 1.500 1.000 0.000 0.000 0.000 0.000 -0.000 0.000 0.000 0.000
-1.500 1.500 1.000 0.000 0.000 0.000 0.000 -0.000 0.000 0.000 0.000
-1.500 1.500 1.000 0.000 0.000 0.000 0.000 -0.000 0.000 0.000 0.000
-1.500 1.500 1.000 0.000 0.000 0.000 0.000 -0.000 0.000 0.000 0.000
-1.500 1.500 1.000 0.000 0.000 0.000 0.000 -0.000 0.000 0.000 0.000
-1.500 1.500 1.000 0.000 0.000 0.000 0.000 -0.000 0.000 0.000 0.000
-1.500 1.500 1.000 0.000 0.000 0.000 0.000 -0.000 0.000 0.000 0.000
-1.500 1.500 1.000 0.000 0.000 0.000 0.000 -0.000 0.000 0.000 0.000
-1.500 1.500 1.000 0.000 0.000 0.000 0.000 -0.000 0.000 0.000 0.000
-1.500 1.500 1.000 0.000 0.000 0.000 0.000 -0.000 0.000 0.000 0.000
-1.500 1.500 1.000 0.000 0.000 0.000 0.000 -0.000 0.000 0.000 0.000
-1.500 1.500 1.000 0.000 0.000 0.000 0.000 -0.000 0.000 0.000 0.000
-1.500 1.500 1.000 0.000 0.000 0.000 0.000 -0.000 0.000 0.000 0.000
-1.500 1.500 1.000 0.000 0.000 0.000 0.000 -0.000 0.000 0.000 0.000
-1.500 1.500 1.000 0.000 0.000 0.000 0.000 -0.000 0.000 0.000 0.000
-1.500 1.500 1.000 0.000 0.000 0.000 0.000 -0.000 0.000 0.000 0.000
-1.500 1.500 1.000 0.000 0.000 0.000 0.000 -0.000 0.000 0.000 0.000
-1.500 1.500 1.000 0.000 0.000 0.000 0.000 -0.000 0.000 0.000 0.000
-1.500 1.500 1.000 0.000 0.000 0.000 0.000 -0.000 0.000 0.000 0.000
-1.500 1.500 1.000 0.000 0.000 0.000 0.000 -0.000 0.000 0.000 0.000
-1.500 1.500 1.000 0.000 0.000 0.000 0.000 -0.000 0.000 0.000 0.000
-1.500 1.500 1.000 0.000 0.000 0.000 0.000 -0.000 0.000 0.000 0.000
-1.500 1.500 1.000 0.000 0.000 0.000 0.000 -0.000 0.000 0.000 0.000
-1.500 1.500 1.000 0.000 0.000 0.000 0.000 -0.000 0.000 0.000 0.000
-1.500 1.500 1.000 0.000 0.000 0.000 0.000 -0.000 0.000 0.000 0.000
-1.500 1.500 1.000 0.000 0.000 0.000 0.000 -0.000 0.000 0.000 0.000
-1.500 1.500 1.000 0.000 0.000 0.000 0.000 -0.000 0.000 0.000 0.000
-1.500 1.500 1.000 0.000 0.000 0.000 0.000 -0.000 0.000 0.000 0.000
-1.500 1.500 1.000 0.000 0.000 0.000 0.000 -0.000 0.000 0.000 0.000
-1.500 1.500 1.000 0.000 0.000 0.000 0.000 -0.000 0.000 0.000 0.000
-1.500 1.500 1.000 0.000 0.000 0.000 0.000 -0.000 0.000 0.000 0.000
-1.500 1.500 1.000 0.000 0.000 0.000 0.000 -0.000 0.000 0.000 0.000
-1.500 1.500 1.000 0.000 0.000 0.000 0.000 -0.000 0.000 0.000 0.000
-1.500 1.500 1.000 0.000 0.000 0.000 0.000 -0.000 0.000 0.000 0.000
-1.500 1.500 1.000 0.000 0.000 0.000 0.000 -0.000 0.000 0.000 0.000
-1.500 1.500 1.000 0.000 0.000 0.000 0.000 -0.000 0.000 0.000 0.000
-1.500 1.500 1.000 0.000 0.000 0.000 0.000 -0.000 0.000 0.000 0.000
-1.500 1.500 1.000 0.000 0.000 0.000 0.000 -0.000 0.000 0.000 0.000
-1.500 1.500 1.000 0.000 0.000 0.000 0.000 -0.000 0.000 0.000 0.000
-1.500 1.500 1.000 0.000 0.000 0.000 0.000 -0.000 0.000 0.000 0.000
-1.500 1.500 1.000 0.000 0.000 0.000 0.000 -0.000 0.000 0.000 0.000
-1.500 1.500 1.000 0.000 0.000 0.000 0.000 -0.000 0.000 0.000 0.000
-1.500 1.500 1.000 0.000 -0.000 0.000 0.000 0.000 0.000 0.000 0.000
-1.500 1.500 1.000 0.000 0.000 0.000 0.001 0.000 0.000 0.000 0.000
-1.500 1.500 1.000 0.000 0.000 0.000 0.003 0.000 0.000 0.000 0.000
-1.500 1.500 1.000 0.000 0.000 0.000 0.006 0.001 0.000 0.000 0.000
-1.500 1.500 1.000 0.001 0.000 0.000 0.010 0.002 0.000 0.000 0.000
-1.500 1.500 1.000 0.001 0.000 0.000 0.015 0.002 0.000 0.000 0.000
-1.500 1.500 1.000 0.002 0.000 0.000 0.020 0.003 0.000 0.000 0.000
-1.500 1.500 1.000 0.003 0.001 0.000 0.027 0.005 0.000 0.000 0.000
-1.500 1.500 1.000 0.005 0.001 0.000 0.034 0.006 0.000 0.000 0.000
-1.499 1.500 1.000 0.007 0.001 0.000 0.042 0.007 0.000 0.000 0.000
-1.499 1.500 1.000 0.009 0.002 0.000 0.051 0.009 0.000 0.000 0.000
-1.498 1.500 1.000 0.012 0.002 0.000 0.060 0.010 0.000 0.000 0.000
-1.498 1.500 1.000 0.015 0.003 0.000 0.069 0.012 0.000 0.000 0.000
-1.497 1.501 1.000 0.019 0.003 0.000 0.078 0.013 0.000 0.000 0.000
-1.496 1.501 1.000 0.023 0.004 0.000 0.088 0.015 0.000 0.000 0.000
-1.494 1.501 1.000 0.028 0.005 0.000 0.098 0.017 0.000 0.000 0.000
-1.493 1.501 1.000 0.033 0.006 0.000 0.109 0.019 0.000 0.000 0.000
-1.491 1.501 1.000 0.038 0.007 0.000 0.119 0.020 0.000 0.000 0.000
-1.489 1.502 1.000 0.045 0.008 0.000 0.129 0.022 0.000 0.000 0.000
-1.487 1.502 1.000 0.051 0.009 0.000 0.139 0.024 0.000 0.000 0.000
-1.484 1.503 1.000 0.059 0.010 0.000 0.150 0.026 0.000 0.000 0.000
-1.481 1.503 1.000 0.066 0.011 0.000 0.160 0.028 0.000 0.000 0.000
-1.477 1.504 1.000 0.075 0.013 0.000 0.170 0.029 0.000 0.000 0.000
-1.473 1.505 1.000 0.083 0.014 0.000 0.179 0.031 0.000 0.000 0.000
-1.469 1.505 1.000 0.092 0.016 0.000 0.189 0.033 0.000 0.000 0.000
-1.464 1.506 1.000 0.102 0.018 0.000 0.198 0.035 0.000 0.000 0.000
-1.459 1.507 1.000 0.112 0.019 0.000 0.207 0.036 0.000 0.000 0.000
-1.453 1.508 1.000 0.123 0.021 0.000 0.216 0.038 0.000 0.000 0.000
-1.447 1.509 1.000 0.134 0.023 0.000 0.224 0.040 0.000 0.000 0.000
-1.440 1.510 1.000 0.145 0.025 0.000 0.232 0.041 0.000 0.000 0.000
-1.432 1.512 1.000 0.157 0.027 0.000 0.239 0.042 0.000 0.000 0.000
-1.424 1.513 1.000 0.169 0.029 0.000 0.246 0.044 0.000 0.000 0.000
-1.415 1.515 1.000 0.182 0.032 0.000 0.253 0.045 0.000 0.000 0.000
-1.406 1.516 1.000 0.194 0.034 0.000 0.259 0.046 0.000 0.000 0.000
-1.396 1.518 1.000 0.207 0.036 0.000 0.264 0.047 0.000 0.000 0.000
-1.385 1.520 1.000 0.221 0.039 0.000 0.269 0.049 0.000 0.000 0.000
-1.374 1.522 1.000 0.234 0.041 0.000 0.274 0.049 0.000 0.000 0.000
-1.361 1.524 1.000 0.248 0.044 0.000 0.277 0.050 0.000 0.000 0.000
-1.349 1.526 1.000 0.262 0.046 0.000 0.281 0.051 0.000 0.000 0.000
-1.335 1.529 1.000 0.276 0.049 0.000 0.284 0.052 0.000 0.000 0.000
-1.321 1.531 1.000 0.290 0.051 0.000 0.286 0.052 0.000 0.000 0.000
-1.306 1.534 1.000 0.305 0.054 0.000 0.288 0.053 0.000 0.000 0.000
-1.291 1.537 1.000 0.319 0.057 0.000 0.289 0.053 0.000 0.000 0.000
-1.274 1.539 1.000 0.334 0.059 0.000 0.289 0.054 0.000 0.000 0.000
-1.257 1.542 1.000 0.348 0.062 0.000 0.289 0.054 0.000 0.000 0.000
-1.239 1.546 1.000 0.363 0.065 0.000 0.289 0.054 0.000 0.000 0.000
-1.221 1.549 1.000 0.377 0.067 0.000 0.288 0.054 0.000 0.000 0.000
-1.202 1.552 1.000 0.391 0.070 0.000 0.286 0.054 0.000 0.000 0.000
-1.182 1.556 1.000 0.406 0.073 0.000 0.284 0.054 0.000 0.000 0.000
-1.161 1.560 1.000 0.420 0.075 0.000 0.281 0.053 0.000 0.000 0.000
-1.140 1.563 1.000 0.434 0.078 0.000 0.278 0.053 0.000 0.000 0.000
-1.118 1.567 1.000 0.447 0.081 0.000 0.274 0.052 0.000 0.000 0.000
-1.095 1.572 1.000 0.461 0.083 0.000 0.269 0.052 0.000 0.000 0.000
-1.072 1.576 1.000 0.474 0.086 0.000 0.265 0.051 0.000 0.000 0.000
-1.048 1.580 1.000 0.488 0.088 0.000 0.259 0.050 0.000 0.000 0.000
-1.023 1.585 1.000 0.500 0.091 0.000 0.253 0.049 0.000 0.000 0.000
-0.998 1.589 1.000 0.513 0.093 0.000 0.247 0.048 0.000 0.000 0.000
-0.972 1.594 1.000 0.525 0.096 0.000 0.240 0.047 0.000 0.000 0.000
-0.945 1.599 1.000 0.537 0.098 0.000 0.233 0.046 0.000 0.000 0.000
-0.918 1.604 1.000 0.548 0.100 0.000 0.225 0.045 0.000 0.000 0.000
-0.890 1.609 1.000 0.559 0.103 0.000 0.217 0.043 0.000 0.000 0.000
-0.862 1.614 1.000 0.570 0.105 0.000 0.209 0.042 0.000 0.000 0.000
-0.833 1.619 1.000 0.580 0.107 0.000 0.200 0.040 0.000 0.000 0.000
-0.804 1.625 1.000 0.590 0.109 0.000 0.191 0.039 0.000 0.000 0.000
-0.774 1.630 1.000 0.599 0.111 0.000 0.182 0.037 0.000 0.000 0.000
-0.744 1.636 1.000 0.608 0.112 0.000 0.172 0.035 0.000 0.000 0.000
-0.714 1.641 1.000 0.617 0.114 0.000 0.162 0.033 0.000 0.000 0.000
-0.683 1.647 1.000 0.624 0.116 0.000 0.152 0.031 0.000 0.000 0.000
-0.651 1.653 1.000 0.632 0.117 0.000 0.141 0.029 0.000 0.000 0.000
-0.619 1.659 1.000 0.639 0.119 0.000 0.131 0.027 0.000 0.000 0.000
-0.587 1.665 1.000 0.645 0.120 0.000 0.120 0.025 0.000 0.000 0.000
-0.555 1.671 1.000 0.651 0.121 0.000 0.109 0.023 0.000 0.000 0.000
-0.522 1.677 1.000 0.656 0.122 0.000 0.097 0.021 0.000 0.000 0.000
-0.489 1.683 1.000 0.660 0.123 0.000 0.086 0.019 0.000 0.000 0.000
-0.456 1.689 1.000 0.664 0.124 0.000 0.075 0.016 0.000 0.000 0.000
-0.423 1.696 1.000 0.668 0.125 0.000 0.063 0.014 0.000 0.000 0.000
-0.389 1.702 1.000 0.671 0.126 0.000 0.051 0.011 0.000 0.000 0.000
-0.356 1.708 1.000 0.673 0.126 0.000 0.040 0.009 0.000 0.000 0.000
-0.322 1.714 1.000 0.675 0.126 0.000 0.028 0.006 0.000 0.000 0.000
-0.288 1.721 1.000 0.676 0.127 0.000 0.017 0.004 0.000 0.000 0.000
-0.255 1.727 1.000 0.676 0.127 0.000 0.005 0.001 0.000 0.000 0.000
-0.221 1.733 1.000 0.676 0.127 0.000 -0.006 -0.001 0.000 0.000 0.000
-0.187 1.740 1.000 0.676 0.127 0.000 -0.018 -0.004 0.000 0.000 0.000
-0.153 1.746 1.000 0.674 0.127 0.000 -0.029 -0.006 0.000 0.000 0.000
-0.120 1.752 1.000 0.673 0.126 0.000 -0.040 -0.009 0.000 0.000 0.000
-0.086 1.759 1.000 0.670 0.126 0.000 -0.051 -0.012 0.000 0.000 0.000
-0.053 1.765 1.000 0.668 0.125 0.000 -0.062 -0.014 0.000 0.000 0.000
-0.019 1.771 1.000 0.664 0.124 0.000 -0.072 -0.017 0.000 0.000 0.000
0.014 1.777 1.000 0.660 0.123 0.000 -0.083 -0.020 0.000 0.000 0.000
0.047 1.784 1.000 0.656 0.122 0.000 -0.093 -0.022 0.000 0.000 0.000
0.079 1.790 1.000 0.651 0.121 0.000 -0.103 -0.025 0.000 0.000 0.000
0.112 1.796 1.000 0.646 0.120 0.000 -0.112 -0.027 0.000 0.000 0.000
0.144 1.802 1.000 0.640 0.118 0.000 -0.122 -0.030 0.000 0.000 0.000
0.176 1.807 1.000 0.634 0.117 0.000 -0.131 -0.033 0.000 0.000 0.000
0.207 1.813 1.000 0.627 0.115 0.000 -0.139 -0.035 0.000 0.000 0.000
0.239 1.819 1.000 0.620 0.113 0.000 -0.148 -0.038 0.000 0.000 0.000
0.269 1.825 1.000 0.612 0.111 0.000 -0.156 -0.040 0.000 0.000 0.000
0.300 1.830 1.000 0.604 0.109 0.000 -0.163 -0.043 0.000 0.000 0.000
0.330 1.835 1.000 0.596 0.107 0.000 -0.171 -0.045 0.000 0.000 0.000
0.359 1.841 1.000 0.587 0.105 0.000 -0.177 -0.047 0.000 0.000 0.000
0.388 1.846 1.000 0.578 0.102 0.000 -0.184 -0.050 0.000 0.000 0.000
0.417 1.851 1.000 0.569 0.100 0.000 -0.190 -0.052 0.000 0.000 0.000
0.445 1.856 1.000 0.559 0.097 0.000 -0.196 -0.054 0.000 0.000 0.000
0.473 1.861 1.000 0.549 0.094 0.000 -0.201 -0.057 0.000 0.000 0.000
0.500 1.865 1.000 0.539 0.091 0.000 -0.205 -0.059 0.000 0.000 0.000
0.527 1.870 1.000 0.529 0.088 0.000 -0.210 -0.061 0.000 0.000 0.000
0.553 1.874 1.000 0.518 0.085 0.000 -0.214 -0.063 0.000 0.000 0.000
0.579 1.878 1.000 0.507 0.082 0.000 -0.217 -0.065 0.000 0.000 0.000
0.604 1.882 1.000 0.496 0.079 0.000 -0.220 -0.067 0.000 0.000 0.000
0.628 1.886 1.000 0.485 0.075 0.000 -0.223 -0.069 0.000 0.000 0.000
0.652 1.890 1.000 0.474 0.072 0.000 -0.225 -0.070 0.000 0.000 0.000
0.676 1.893 1.000 0.463 0.068 0.000 -0.226 -0.072 0.000 0.000 0.000
0.699 1.897 1.000 0.451 0.065 0.000 -0.228 -0.074 0.000 0.000 0.000
0.721 1.900 1.000 0.440 0.061 0.000 -0.228 -0.075 0.000 0.000 0.000
0.743 1.903 1.000 0.429 0.057 0.000 -0.229 -0.077 0.000 0.000 0.000
0.764 1.906 1.000 0.417 0.053 0.000 -0.229 -0.078 0.000 0.000 0.000
0.784 1.908 1.000 0.406 0.049 0.000 -0.228 -0.079 0.000 0.000 0.000
0.804 1.911 1.000 0.394 0.045 0.000 -0.227 -0.081 0.000 0.000 0.000
0.824 1.913 1.000 0.383 0.041 0.000 -0.226 -0.082 0.000 0.000 0.000
0.843 1.915 1.000 0.372 0.037 0.000 -0.225 -0.083 0.000 0.000 0.000
0.861 1.917 1.000 0.360 0.033 0.000 -0.223 -0.084 0.000 0.000 0.000
0.879 1.918 1.000 0.349 0.029 0.000 -0.220 -0.085 0.000 0.000 0.000
0.896 1.919 1.000 0.338 0.025 0.000 -0.217 -0.086 0.000 0.000 0.000
0.912 1.921 1.000 0.328 0.020 0.000 -0.214 -0.087 0.000 0.000 0.000
0.929 1.921 1.000 0.317 0.016 0.000 -0.211 -0.087 0.000 0.000 0.000
0.944 1.922 1.000 0.307 0.012 0.000 -0.207 -0.088 0.000 0.000 0.000
0.959 1.923 1.000 0.296 0.007 0.000 -0.203 -0.088 0.000 0.000 0.000
0.974 1.923 1.000 0.286 0.003 0.000 -0.199 -0.089 0.000 0.000 0.000
0.988 1.923 1.000 0.276 -0.002 0.000 -0.194 -0.089 0.000 0.000 0.000
1.001 1.923 1.000 0.267 -0.006 0.000 -0.189 -0.090 0.000 0.000 0.000
1.015 1.922 1.000 0.257 -0.011 0.000 -0.184 -0.090 0.000 0.000 0.000
1.027 1.922 1.000 0.248 -0.015 0.000 -0.179 -0.090 0.000 0.000 0.000
1.039 1.921 1.000 0.240 -0.020 0.000 -0.173 -0.090 0.000 0.000 0.000
1.051 1.920 1.000 0.231 -0.024 0.000 -0.168 -0.090 0.000 0.000 0.000
1.063 1.918 1.000 0.223 -0.029 0.000 -0.162 -0.090 0.000 0.000 0.000
1.073 1.917 1.000 0.215 -0.033 0.000 -0.156 -0.089 0.000 0.000 0.000
1.084 1.915 1.000 0.207 -0.038 0.000 -0.149 -0.089 0.000 0.000 0.000
1.094 1.913 1.000 0.200 -0.042 0.000 -0.143 -0.089 0.000 0.000 0.000
1.104 1.911 1.000 0.193 -0.046 0.000 -0.137 -0.088 0.000 0.000 0.000
1.113 1.908 1.000 0.186 -0.051 0.000 -0.130 -0.088 0.000 0.000 0.000
1.123 1.906 1.000 0.180 -0.055 0.000 -0.123 -0.087 0.000 0.000 0.000
1.131 1.903 1.000 0.174 -0.060 0.000 -0.117 -0.086 0.000 0.000 0.000
1.140 1.900 1.000 0.168 -0.064 0.000 -0.110 -0.085 0.000 0.000 0.000
1.148 1.896 1.000 0.163 -0.068 0.000 -0.103 -0.085 0.000 0.000 0.000
1.156 1.893 1.000 0.158 -0.072 0.000 -0.096 -0.084 0.000 0.000 0.000
1.164 1.889 1.000 0.153 -0.076 0.000 -0.089 -0.083 0.000 0.000 0.000
1.172 1.885 1.000 0.149 -0.081 0.000 -0.083 -0.082 0.000 0.000 0.000
1.179 1.881 1.000 0.145 -0.085 0.000 -0.076 -0.080 0.000 0.000 0.000
1.186 1.877 1.000 0.142 -0.089 0.000 -0.069 -0.079 0.000 0.000 0.000
1.193 1.872 1.000 0.138 -0.093 0.000 -0.063 -0.078 0.000 0.000 0.000
1.200 1.868 1.000 0.135 -0.096 0.000 -0.056 -0.076 0.000 0.000 0.000
1.207 1.863 1.000 0.133 -0.100 0.000 -0.050 -0.075 0.000 0.000 0.000
1.213 1.858 1.000 0.130 -0.104 0.000 -0.043 -0.074 0.000 0.000 0.000
1.220 1.852 1.000 0.128 -0.108 0.000 -0.037 -0.072 0.000 0.000 0.000
1.226 1.847 1.000 0.127 -0.111 0.000 -0.031 -0.070 0.000 0.000 0.000
1.232 1.841 1.000 0.125 -0.115 0.000 -0.025 -0.069 0.000 0.000 0.000
1.239 1.835 1.000 0.124 -0.118 0.000 -0.020 -0.067 0.000 0.000 0.000
1.245 1.829 1.000 0.123 -0.121 0.000 -0.014 -0.065 0.000 0.000 0.000
1.251 1.823 1.000 0.123 -0.124 0.000 -0.009 -0.063 0.000 0.000 0.000
1.257 1.817 1.000 0.122 -0.128 0.000 -0.004 -0.061 0.000 0.000 0.000
1.263 1.811 1.000 0.122 -0.131 0.000 0.001 -0.060 0.000 0.000 0.000
1.269 1.804 1.000 0.122 -0.134 0.000 0.006 -0.058 0.000 0.000 0.000
1.275 1.797 1.000 0.123 -0.136 0.000 0.010 -0.056 0.000 0.000 0.000
1.282 1.790 1.000 0.123 -0.139 0.000 0.014 -0.054 0.000 0.000 0.000
1.288 1.783 1.000 0.124 -0.142 0.000 0.018 -0.051 0.000 0.000 0.000
1.294 1.776 1.000 0.125 -0.144 0.000 0.022 -0.049 0.000 0.000 0.000
1.300 1.769 1.000 0.126 -0.147 0.000 0.025 -0.047 0.000 0.000 0.000
1.307 1.761 1.000 0.128 -0.149 0.000 0.028 -0.045 0.000 0.000 0.000
1.313 1.754 1.000 0.129 -0.151 0.000 0.031 -0.043 0.000 0.000 0.000
1.320 1.746 1.000 0.131 -0.153 0.000 0.034 -0.041 0.000 0.000 0.000
1.326 1.739 1.000 0.133 -0.155 0.000 0.036 -0.038 0.000 0.000 0.000
1.333 1.731 1.000 0.134 -0.157 0.000 0.038 -0.036 0.000 0.000 0.000
1.340 1.723 1.000 0.136 -0.159 0.000 0.039 -0.034 0.000 0.000 0.000
1.347 1.715 1.000 0.138 -0.160 0.000 0.041 -0.032 0.000 0.000 0.000
1.354 1.707 1.000 0.140 -0.162 0.000 0.042 -0.029 0.000 0.000 0.000
1.361 1.699 1.000 0.143 -0.163 0.000 0.042 -0.027 0.000 0.000 0.000
1.368 1.691 1.000 0.145 -0.165 0.000 0.043 -0.025 0.000 0.000 0.000
1.375 1.682 1.000 0.147 -0.166 0.000 0.043 -0.023 0.000 0.000 0.000
1.382 1.674 1.000 0.149 -0.167 0.000 0.043 -0.020 0.000 0.000 0.000
1.390 1.666 1.000 0.151 -0.168 0.000 0.042 -0.018 0.000 0.000 0.000
1.398 1.657 1.000 0.153 -0.169 0.000 0.042 -0.016 0.000 0.000 0.000
1.405 1.649 1.000 0.155 -0.170 0.000 0.041 -0.014 0.000 0.000 0.000
1.413 1.640 1.000 0.157 -0.170 0.000 0.040 -0.012 0.000 0.000 0.000
1.421 1.632 1.000 0.159 -0.171 0.000 0.038 -0.009 0.000 0.000 0.000
1.429 1.623 1.000 0.161 -0.171 0.000 0.036 -0.007 0.000 0.000 0.000
1.437 1.615 1.000 0.163 -0.171 0.000 0.035 -0.005 0.000 0.000 0.000
1.445 1.606 1.000 0.165 -0.172 0.000 0.033 -0.003 0.000 0.000 0.000
1.454 1.597 1.000 0.166 -0.172 0.000 0.030 -0.001 0.000 0.000 0.000
1.462 1.589 1.000 0.168 -0.172 0.000 0.028 0.001 0.000 0.000 0.000
1.470 1.580 1.000 0.169 -0.172 0.000 0.025 0.003 0.000 0.000 0.000
1.479 1.572 1.000 0.170 -0.172 0.000 0.022 0.005 0.000 0.000 0.000
1.487 1.563 1.000 0.171 -0.171 0.000 0.019 0.006 0.000 0.000 0.000
1.496 1.555 1.000 0.172 -0.171 0.000 0.016 0.008 0.000 0.000 0.000
1.505 1.546 1.000 0.173 -0.170 0.000 0.013 0.010 0.000 0.000 0.000
1.513 1.537 1.000 0.173 -0.170 0.000 0.009 0.011 0.000 0.000 0.000
1.522 1.529 1.000 0.174 -0.169 0.000 0.006 0.013 0.000 0.000 0.000
1.531 1.521 1.000 0.174 -0.169 0.000 0.002 0.014 0.000 0.000 0.000
1.539 1.512 1.000 0.174 -0.168 0.000 -0.001 0.016 0.000 0.000 0.000
1.548 1.504 1.000 0.174 -0.167 0.000 -0.005 0.017 0.000 0.000 0.000
1.557 1.495 1.000 0.173 -0.166 0.000 -0.009 0.018 0.000 0.000 0.000
1.565 1.487 1.000 0.173 -0.165 0.000 -0.013 0.020 0.000 0.000 0.000
1.574 1.479 1.000 0.172 -0.164 0.000 -0.016 0.021 0.000 0.000 0.000
1.582 1.471 1.000 0.171 -0.163 0.000 -0.020 0.022 0.000 0.000 0.000
1.591 1.463 1.000 0.170 -0.162 0.000 -0.024 0.023 0.000 0.000 0.000
1.599 1.455 1.000 0.169 -0.161 0.000 -0.028 0.023 0.000 0.000 0.000
1.608 1.447 1.000 0.167 -0.160 0.000 -0.032 0.024 0.000 0.000 0.000
1.616 1.439 1.000 0.166 -0.158 0.000 -0.035 0.025 0.000 0.000 0.000
1.624 1.431 1.000 0.164 -0.157 0.000 -0.039 0.025 0.000 0.000 0.000
1.633 1.423 1.000 0.162 -0.156 0.000 -0.043 0.026 0.000 0.000 0.000
1.641 1.415 1.000 0.159 -0.155 0.000 -0.046 0.026 0.000 0.000 0.000
1.648 1.407 1.000 0.157 -0.153 0.000 -0.050 0.026 0.000 0.000 0.000
1.656 1.400 1.000 0.154 -0.152 0.000 -0.053 0.027 0.000 0.000 0.000
1.664 1.392 1.000 0.152 -0.151 0.000 -0.056 0.027 0.000 0.000 0.000
1.671 1.385 1.000 0.149 -0.149 0.000 -0.059 0.027 0.000 0.000 0.000
1.679 1.377 1.000 0.146 -0.148 0.000 -0.062 0.026 0.000 0.000 0.000
1.686 1.370 1.000 0.143 -0.147 0.000 -0.064 0.026 0.000 0.000 0.000
1.693 1.363 1.000 0.139 -0.145 0.000 -0.067 0.026 0.000 0.000 0.000
1.700 1.355 1.000 0.136 -0.144 0.000 -0.069 0.025 0.000 0.000 0.000
1.707 1.348 1.000 0.133 -0.143 0.000 -0.071 0.025 0.000 0.000 0.000
1.713 1.341 1.000 0.129 -0.142 0.000 -0.073 0.024 0.000 0.000 0.000
1.720 1.334 1.000 0.125 -0.140 0.000 -0.075 0.023 0.000 0.000 0.000
1.726 1.327 1.000 0.121 -0.139 0.000 -0.077 0.022 0.000 0.000 0.000
1.732 1.320 1.000 0.117 -0.138 0.000 -0.078 0.021 0.000 0.000 0.000
1.737 1.313 1.000 0.114 -0.137 0.000 -0.079 0.020 0.000 0.000 0.000
1.743 1.306 1.000 0.110 -0.136 0.000 -0.080 0.019 0.000 0.000 0.000
1.748 1.300 1.000 0.106 -0.135 0.000 -0.081 0.018 0.000 0.000 0.000
1.754 1.293 1.000 0.102 -0.134 0.000 -0.081 0.017 0.000 0.000 0.000
1.759 1.286 1.000 0.097 -0.134 0.000 -0.081 0.015 0.000 0.000 0.000
1.763 1.279 1.000 0.093 -0.133 0.000 -0.081 0.014 0.000 0.000 0.000
1.768 1.273 1.000 0.089 -0.132 0.000 -0.081 0.012 0.000 0.000 0.000
1.772 1.266 1.000 0.085 -0.132 0.000 -0.081 0.010 0.000 0.000 0.000
1.776 1.260 1.000 0.081 -0.131 0.000 -0.080 0.009 0.000 0.000 0.000
1.780 1.253 1.000 0.077 -0.131 0.000 -0.079 0.007 0.000 0.000 0.000
1.784 1.247 1.000 0.073 -0.130 0.000 -0.078 0.005 0.000 0.000 0.000
1.788 1.240 1.000 0.070 -0.130 0.000 -0.076 0.003 0.000 0.000 0.000
1.791 1.234 1.000 0.066 -0.130 0.000 -0.075 0.001 0.000 0.000 0.000
1.794 1.227 1.000 0.062 -0.130 0.000 -0.073 -0.001 0.000 0.000 0.000
1.797 1.221 1.000 0.059 -0.130 0.000 -0.071 -0.003 0.000 0.000 0.000
1.800 1.214 1.000 0.055 -0.131 0.000 -0.068 -0.006 0.000 0.000 0.000
1.803 1.208 1.000 0.052 -0.131 0.000 -0.066 -0.008 0.000 0.000 0.000
1.805 1.201 1.000 0.048 -0.131 0.000 -0.063 -0.010 0.000 0.000 0.000
1.808 1.194 1.000 0.045 -0.132 0.000 -0.061 -0.012 0.000 0.000 0.000
1.810 1.188 1.000 0.042 -0.133 0.000 -0.058 -0.015 0.000 0.000 0.000
1.812 1.181 1.000 0.040 -0.133 0.000 -0.055 -0.017 0.000 0.000 0.000
1.814 1.174 1.000 0.037 -0.134 0.000 -0.052 -0.019 0.000 0.000 0.000
1.816 1.168 1.000 0.034 -0.135 0.000 -0.048 -0.022 0.000 0.000 0.000
1.817 1.161 1.000 0.032 -0.136 0.000 -0.045 -0.024 0.000 0.000 0.000
1.819 1.154 1.000 0.030 -0.138 0.000 -0.042 -0.026 0.000 0.000 0.000
1.820 1.147 1.000 0.028 -0.139 0.000 -0.038 -0.029 0.000 0.000 0.000
1.822 1.140 1.000 0.026 -0.141 0.000 -0.034 -0.031 0.000 0.000 0.000
1.823 1.133 1.000 0.024 -0.142 0.000 -0.031 -0.033 0.000 0.000 0.000
1.824 1.126 1.000 0.023 -0.144 0.000 -0.027 -0.036 0.000 0.000 0.000
1.825 1.119 1.000 0.022 -0.146 0.000 -0.023 -0.038 0.000 0.000 0.000
1.826 1.111 1.000 0.021 -0.148 0.000 -0.019 -0.040 0.000 0.000 0.000
1.827 1.104 1.000 0.020 -0.150 0.000 -0.016 -0.042 0.000 0.000 0.000
1.828 1.096 1.000 0.019 -0.152 0.000 -0.012 -0.044 0.000 0.000 0.000
1.829 1.089 1.000 0.019 -0.154 0.000 -0.008 -0.046 0.000 0.000 0.000
1.830 1.081 1.000 0.018 -0.156 0.000 -0.005 -0.048 0.000 0.000 0.000
1.831 1.073 1.000 0.018 -0.159 0.000 -0.001 -0.050 0.000 0.000 0.000
1.832 1.065 1.000 0.018 -0.162 0.000 0.003 -0.052 0.000 0.000 0.000
1.833 1.057 1.000 0.018 -0.164 0.000 0.006 -0.054 0.000 0.000 0.000
1.834 1.049 1.000 0.019 -0.167 0.000 0.010 -0.055 0.000 0.000 0.000
1.835 1.040 1.000 0.019 -0.170 0.000 0.013 -0.057 0.000 0.000 0.000
1.836 1.032 1.000 0.020 -0.173 0.000 0.016 -0.058 0.000 0.000 0.000
1.837 1.023 1.000 0.021 -0.176 0.000 0.019 -0.060 0.000 0.000 0.000
1.838 1.014 1.000 0.022 -0.179 0.000 0.022 -0.061 0.000 0.000 0.000
1.839 1.005 1.000 0.023 -0.182 0.000 0.025 -0.062 0.000 0.000 0.000
1.840 0.996 1.000 0.024 -0.185 0.000 0.028 -0.064 0.000 0.000 0.000
1.841 0.987 1.000 0.026 -0.188 0.000 0.030 -0.065 0.000 0.000 0.000
1.843 0.977 1.000 0.027 -0.191 0.000 0.032 -0.065 0.000 0.000 0.000
1.844 0.968 1.000 0.029 -0.195 0.000 0.035 -0.066 0.000 0.000 0.000
1.846 0.958 1.000 0.031 -0.198 0.000 0.037 -0.067 0.000 0.000 0.000
1.847 0.948 1.000 0.033 -0.201 0.000 0.038 -0.068 0.000 0.000 0.000
1.849 0.938 1.000 0.035 -0.205 0.000 0.040 -0.068 0.000 0.000 0.000
1.851 0.927 1.000 0.037 -0.208 0.000 0.041 -0.068 0.000 0.000 0.000
1.853 0.917 1.000 0.039 -0.211 0.000 0.043 -0.069 0.000 0.000 0.000
1.855 0.906 1.000 0.041 -0.215 0.000 0.044 -0.069 0.000 0.000 0.000
1.857 0.895 1.000 0.043 -0.218 0.000 0.044 -0.069 0.000 0.000 0.000
1.859 0.884 1.000 0.046 -0.222 0.000 0.045 -0.069 0.000 0.000 0.000
1.861 0.873 1.000 0.048 -0.225 0.000 0.045 -0.068 0.000 0.000 0.000
1.864 0.862 1.000 0.050 -0.229 0.000 0.046 -0.068 0.000 0.000 0.000
1.866 0.850 1.000 0.052 -0.232 0.000 0.046 -0.068 0.000 0.000 0.000
1.869 0.839 1.000 0.055 -0.235 0.000 0.045 -0.067 0.000 0.000 0.000
1.872 0.827 1.000 0.057 -0.239 0.000 0.045 -0.066 0.000 0.000 0.000
1.875 0.815 1.000 0.059 -0.242 0.000 0.044 -0.066 0.000 0.000 0.000
1.878 0.803 1.000 0.061 -0.245 0.000 0.043 -0.065 0.000 0.000 0.000
1.881 0.790 1.000 0.063 -0.248 0.000 0.042 -0.064 0.000 0.000 0.000
1.884 0.778 1.000 0.066 -0.252 0.000 0.041 -0.063 0.000 0.000 0.000
1.887 0.765 1.000 0.068 -0.255 0.000 0.040 -0.062 0.000 0.000 0.000
1.891 0.752 1.000 0.070 -0.258 0.000 0.038 -0.060 0.000 0.000 0.000
1.894 0.739 1.000 0.071 -0.261 0.000 0.036 -0.059 0.000 0.000 0.000
1.898 0.726 1.000 0.073 -0.264 0.000 0.034 -0.058 0.000 0.000 0.000
1.902 0.713 1.000 0.075 -0.267 0.000 0.032 -0.056 0.000 0.000 0.000
1.905 0.699 1.000 0.076 -0.269 0.000 0.029 -0.054 0.000 0.000 0.000
1.909 0.686 1.000 0.078 -0.272 0.000 0.027 -0.053 0.000 0.000 0.000
1.913 0.672 1.000 0.079 -0.275 0.000 0.024 -0.051 0.000 0.000 0.000
1.917 0.658 1.000 0.080 -0.277 0.000 0.021 -0.049 0.000 0.000 0.000
1.921 0.645 1.000 0.081 -0.279 0.000 0.018 -0.047 0.000 0.000 0.000
1.925 0.631 1.000 0.082 -0.282 0.000 0.015 -0.045 0.000 0.000 0.000
1.929 0.616 1.000 0.083 -0.284 0.000 0.011 -0.043 0.000 0.000 0.000
1.933 0.602 1.000 0.083 -0.286 0.000 0.008 -0.041 0.000 0.000 0.000
1.938 0.588 1.000 0.083 -0.288 0.000 0.004 -0.039 0.000 0.000 0.000
1.942 0.573 1.000 0.083 -0.290 0.000 0.000 -0.037 0.000 0.000 0.000
1.946 0.559 1.000 0.083 -0.292 0.000 -0.004 -0.035 0.000 0.000 0.000
1.950 0.544 1.000 0.083 -0.294 0.000 -0.008 -0.033 0.000 0.000 0.000
1.954 0.529 1.000 0.083 -0.295 0.000 -0.012 -0.031 0.000 0.000 0.000
1.958 0.515 1.000 0.082 -0.297 0.000 -0.016 -0.028 0.000 0.000 0.000
1.962 0.500 1.000 0.081 -0.298 0.000 -0.020 -0.026 0.000 0.000 0.000
1.966 0.485 1.000 0.080 -0.299 0.000 -0.025 -0.024 0.000 0.000 0.000
1.970 0.470 1.000 0.079 -0.300 0.000 -0.029 -0.022 0.000 0.000 0.000
1.974 0.455 1.000 0.077 -0.301 0.000 -0.033 -0.019 0.000 0.000 0.000
1.978 0.440 1.000 0.075 -0.302 0.000 -0.038 -0.017 0.000 0.000 0.000
1.982 0.425 1.000 0.073 -0.303 0.000 -0.043 -0.015 0.000 0.000 0.000
1.985 0.409 1.000 0.071 -0.304 0.000 -0.047 -0.012 0.000 0.000 0.000
1.989 0.394 1.000 0.068 -0.304 0.000 -0.052 -0.010 0.000 0.000 0.000
1.992 0.379 1.000 0.066 -0.305 0.000 -0.057 -0.008 0.000 0.000 0.000
1.995 0.364 1.000 0.063 -0.305 0.000 -0.061 -0.006 0.000 0.000 0.000
1.999 0.348 1.000 0.060 -0.305 0.000 -0.066 -0.003 0.000 0.000 0.000
2.001 0.333 1.000 0.056 -0.305 0.000 -0.071 -0.001 0.000 0.000 0.000
2.004 0.318 1.000 0.053 -0.305 0.000 -0.075 0.001 0.000 0.000 0.000
2.007 0.303 1.000 0.049 -0.305 0.000 -0.080 0.003 0.000 0.000 0.000
2.009 0.287 1.000 0.045 -0.305 0.000 -0.085 0.005 0.000 0.000 0.000
2.011 0.272 1.000 0.040 -0.305 0.000 -0.089 0.007 0.000 0.000 0.000
2.013 0.257 1.000 0.036 -0.304 0.000 -0.094 0.009 0.000 0.000 0.000
2.015 0.242 1.000 0.031 -0.304 0.000 -0.098 0.011 0.000 0.000 0.000
2.016 0.226 1.000 0.026 -0.303 0.000 -0.102 0.013 0.000 0.000 0.000
2.017 0.211 1.000 0.021 -0.303 0.000 -0.107 0.014 0.000 0.000 0.000
2.018 0.196 1.000 0.015 -0.302 0.000 -0.111 0.016 0.000 0.000 0.000
2.019 0.181 1.000 0.010 -0.301 0.000 -0.115 0.018 0.000 0.000 0.000
2.019 0.166 1.000 0.004 -0.300 0.000 -0.119 0.019 0.000 0.000 0.000
2.019 0.151 1.000 -0.002 -0.299 0.000 -0.123 0.021 0.000 0.000 0.000
2.019 0.136 1.000 -0.009 -0.298 0.000 -0.127 0.022 0.000 0.000 0.000
2.018 0.121 1.000 -0.015 -0.297 0.000 -0.130 0.023 0.000 0.000 0.000
2.017 0.106 1.000 -0.022 -0.296 0.000 -0.134 0.025 0.000 0.000 0.000
2.016 0.092 1.000 -0.028 -0.294 0.000 -0.137 0.026 0.000 0.000 0.000
2.015 0.077 1.000 -0.035 -0.293 0.000 -0.141 0.027 0.000 0.000 0.000
2.013 0.062 1.000 -0.042 -0.292 0.000 -0.144 0.028 0.000 0.000 0.000
2.010 0.048 1.000 -0.050 -0.290 0.000 -0.147 0.028 0.000 0.000 0.000
2.008 0.033 1.000 -0.057 -0.289 0.000 -0.150 0.029 0.000 0.000 0.000
2.005 0.019 1.000 -0.065 -0.288 0.000 -0.152 0.030 0.000 0.000 0.000
2.001 0.005 1.000 -0.072 -0.286 0.000 -0.155 0.030 0.000 0.000 0.000
1.997 -0.010 1.000 -0.080 -0.285 0.000 -0.157 0.030 0.000 0.000 0.000
1.993 -0.024 1.000 -0.088 -0.283 0.000 -0.159 0.031 0.000 0.000 0.000
1.989 -0.038 1.000 -0.096 -0.281 0.000 -0.161 0.031 0.000 0.000 0.000
1.984 -0.052 1.000 -0.104 -0.280 0.000 -0.163 0.031 0.000 0.000 0.000
1.978 -0.066 1.000 -0.112 -0.278 0.000 -0.165 0.031 0.000 0.000 0.000
1.972 -0.080 1.000 -0.121 -0.277 0.000 -0.166 0.031 0.000 0.000 0.000
1.966 -0.094 1.000 -0.129 -0.275 0.000 -0.167 0.030 0.000 0.000 0.000
1.959 -0.107 1.000 -0.137 -0.274 0.000 -0.168 0.030 0.000 0.000 0.000
1.952 -0.121 1.000 -0.146 -0.272 0.000 -0.169 0.030 0.000 0.000 0.000
1.945 -0.135 1.000 -0.154 -0.271 0.000 -0.170 0.029 0.000 0.000 0.000
1.937 -0.148 1.000 -0.163 -0.269 0.000 -0.170 0.028 0.000 0.000 0.000
1.929 -0.162 1.000 -0.171 -0.268 0.000 -0.170 0.027 0.000 0.000 0.000
1.920 -0.175 1.000 -0.180 -0.267 0.000 -0.171 0.027 0.000 0.000 0.000
1.911 -0.188 1.000 -0.188 -0.265 0.000 -0.170 0.026 0.000 0.000 0.000
1.901 -0.201 1.000 -0.197 -0.264 0.000 -0.170 0.024 0.000 0.000 0.000
1.891 -0.215 1.000 -0.205 -0.263 0.000 -0.170 0.023 0.000 0.000 0.000
1.880 -0.228 1.000 -0.214 -0.262 0.000 -0.169 0.022 0.000 0.000 0.000
1.870 -0.241 1.000 -0.222 -0.261 0.000 -0.168 0.021 0.000 0.000 0.000
1.858 -0.254 1.000 -0.231 -0.260 0.000 -0.167 0.019 0.000 0.000 0.000
1.846 -0.267 1.000 -0.239 -0.259 0.000 -0.166 0.017 0.000 0.000 0.000
1.834 -0.280 1.000 -0.247 -0.258 0.000 -0.164 0.016 0.000 0.000 0.000
1.822 -0.293 1.000 -0.255 -0.257 0.000 -0.163 0.014 0.000 0.000 0.000
1.809 -0.305 1.000 -0.263 -0.257 0.000 -0.161 0.012 0.000 0.000 0.000
1.795 -0.318 1.000 -0.271 -0.256 0.000 -0.159 0.010 0.000 0.000 0.000
1.782 -0.331 1.000 -0.279 -0.256 0.000 -0.157 0.008 0.000 0.000 0.000
1.767 -0.344 1.000 -0.287 -0.255 0.000 -0.154 0.006 0.000 0.000 0.000
1.753 -0.357 1.000 -0.295 -0.255 0.000 -0.152 0.004 0.000 0.000 0.000
1.738 -0.369 1.000 -0.302 -0.255 0.000 -0.149 0.002 0.000 0.000 0.000
1.723 -0.382 1.000 -0.310 -0.255 0.000 -0.146 -0.000 0.000 0.000 0.000
1.707 -0.395 1.000 -0.317 -0.255 0.000 -0.143 -0.002 0.000 0.000 0.000
1.691 -0.407 1.000 -0.324 -0.255 0.000 -0.140 -0.005 0.000 0.000 0.000
1.675 -0.420 1.000 -0.331 -0.255 0.000 -0.137 -0.007 0.000 0.000 0.000
1.658 -0.433 1.000 -0.338 -0.256 0.000 -0.133 -0.010 0.000 0.000 0.000
1.641 -0.446 1.000 -0.344 -0.256 0.000 -0.130 -0.012 0.000 0.000 0.000
1.624 -0.459 1.000 -0.351 -0.257 0.000 -0.126 -0.014 0.000 0.000 0.000
1.606 -0.471 1.000 -0.357 -0.258 0.000 -0.122 -0.017 0.000 0.000 0.000
1.588 -0.484 1.000 -0.363 -0.259 0.000 -0.118 -0.019 0.000 0.000 0.000
1.570 -0.497 1.000 -0.369 -0.260 0.000 -0.114 -0.022 0.000 0.000 0.000
1.551 -0.510 1.000 -0.374 -0.261 0.000 -0.110 -0.025 0.000 0.000 0.000
1.532 -0.523 1.000 -0.379 -0.262 0.000 -0.105 -0.027 0.000 0.000 0.000
1.513 -0.537 1.000 -0.385 -0.263 0.000 -0.101 -0.030 0.000 0.000 0.000
1.494 -0.550 1.000 -0.390 -0.265 0.000 -0.097 -0.032 0.000 0.000 0.000
1.474 -0.563 1.000 -0.394 -0.267 0.000 -0.092 -0.035 0.000 0.000 0.000
1.454 -0.576 1.000 -0.399 -0.269 0.000 -0.087 -0.037 0.000 0.000 0.000
1.434 -0.590 1.000 -0.403 -0.270 0.000 -0.082 -0.040 0.000 0.000 0.000
1.414 -0.603 1.000 -0.407 -0.273 0.000 -0.078 -0.043 0.000 0.000 0.000
1.394 -0.617 1.000 -0.411 -0.275 0.000 -0.073 -0.045 0.000 0.000 0.000
1.373 -0.631 1.000 -0.414 -0.277 0.000 -0.068 -0.048 0.000 0.000 0.000
1.352 -0.645 1.000 -0.418 -0.279 0.000 -0.063 -0.050 0.000 0.000 0.000
1.331 -0.659 1.000 -0.421 -0.282 0.000 -0.058 -0.052 0.000 0.000 0.000
1.310 -0.673 1.000 -0.423 -0.285 0.000 -0.053 -0.055 0.000 0.000 0.000
1.289 -0.687 1.000 -0.426 -0.287 0.000 -0.047 -0.057 0.000 0.000 0.000
1.268 -0.702 1.000 -0.428 -0.290 0.000 -0.042 -0.059 0.000 0.000 0.000
1.246 -0.716 1.000 -0.430 -0.293 0.000 -0.037 -0.062 0.000 0.000 0.000
1.225 -0.731 1.000 -0.432 -0.297 0.000 -0.032 -0.064 0.000 0.000 0.000
1.203 -0.746 1.000 -0.433 -0.300 0.000 -0.027 -0.066 0.000 0.000 0.000
1.181 -0.761 1.000 -0.434 -0.303 0.000 -0.022 -0.068 0.000 0.000 0.000
1.159 -0.776 1.000 -0.435 -0.307 0.000 -0.016 -0.070 0.000 0.000 0.000
1.138 -0.792 1.000 -0.436 -0.310 0.000 -0.011 -0.071 0.000 0.000 0.000
1.116 -0.807 1.000 -0.437 -0.314 0.000 -0.006 -0.073 0.000 0.000 0.000
1.094 -0.823 1.000 -0.437 -0.317 0.000 -0.001 -0.075 0.000 0.000 0.000
1.072 -0.839 1.000 -0.437 -0.321 0.000 0.004 -0.076 0.000 0.000 0.000
1.050 -0.855 1.000 -0.436 -0.325 0.000 0.009 -0.078 0.000 0.000 0.000
1.029 -0.872 1.000 -0.436 -0.329 0.000 0.014 -0.079 0.000 0.000 0.000
1.007 -0.888 1.000 -0.435 -0.333 0.000 0.019 -0.081 0.000 0.000 0.000
0.985 -0.905 1.000 -0.434 -0.337 0.000 0.024 -0.082 0.000 0.000 0.000
0.963 -0.922 1.000 -0.432 -0.341 0.000 0.029 -0.083 0.000 0.000 0.000
0.942 -0.939 1.000 -0.431 -0.345 0.000 0.034 -0.084 0.000 0.000 0.000
0.920 -0.956 1.000 -0.429 -0.349 0.000 0.038 -0.084 0.000 0.000 0.000
0.899 -0.974 1.000 -0.427 -0.354 0.000 0.043 -0.085 0.000 0.000 0.000
0.878 -0.992 1.000 -0.425 -0.358 0.000 0.048 -0.086 0.000 0.000 0.000
0.856 -1.010 1.000 -0.422 -0.362 0.000 0.052 -0.086 0.000 0.000 0.000
0.835 -1.028 1.000 -0.420 -0.367 0.000 0.056 -0.086 0.000 0.000 0.000
0.815 -1.046 1.000 -0.417 -0.371 0.000 0.060 -0.086 0.000 0.000 0.000
0.794 -1.065 1.000 -0.414 -0.375 0.000 0.065 -0.086 0.000 0.000 0.000
0.773 -1.084 1.000 -0.410 -0.379 0.000 0.068 -0.086 0.000 0.000 0.000
0.753 -1.103 1.000 -0.407 -0.384 0.000 0.072 -0.086 0.000 0.000 0.000
0.733 -1.122 1.000 -0.403 -0.388 0.000 0.076 -0.085 0.000 0.000 0.000
0.712 -1.142 1.000 -0.399 -0.392 0.000 0.080 -0.084 0.000 0.000 0.000
0.693 -1.162 1.000 -0.395 -0.396 0.000 0.083 -0.084 0.000 0.000 0.000
0.673 -1.182 1.000 -0.391 -0.401 0.000 0.086 -0.083 0.000 0.000 0.000
0.654 -1.202 1.000 -0.386 -0.405 0.000 0.089 -0.081 0.000 0.000 0.000
0.634 -1.222 1.000 -0.382 -0.409 0.000 0.092 -0.080 0.000 0.000 0.000
0.615 -1.243 1.000 -0.377 -0.413 0.000 0.095 -0.079 0.000 0.000 0.000
0.597 -1.263 1.000 -0.372 -0.417 0.000 0.098 -0.077 0.000 0.000 0.000
0.578 -1.284 1.000 -0.367 -0.420 0.000 0.100 -0.075 0.000 0.000 0.000
0.560 -1.305 1.000 -0.362 -0.424 0.000 0.103 -0.073 0.000 0.000 0.000
0.542 -1.327 1.000 -0.357 -0.428 0.000 0.105 -0.071 0.000 0.000 0.000
0.524 -1.348 1.000 -0.352 -0.431 0.000 0.107 -0.068 0.000 0.000 0.000
0.507 -1.370 1.000 -0.346 -0.435 0.000 0.108 -0.066 0.000 0.000 0.000
0.490 -1.392 1.000 -0.341 -0.438 0.000 0.110 -0.063 0.000 0.000 0.000
0.473 -1.413 1.000 -0.335 -0.441 0.000 0.111 -0.060 0.000 0.000 0.000
0.456 -1.436 1.000 -0.330 -0.444 0.000 0.113 -0.057 0.000 0.000 0.000
0.440 -1.458 1.000 -0.324 -0.447 0.000 0.114 -0.054 0.000 0.000 0.000
0.424 -1.480 1.000 -0.318 -0.449 0.000 0.114 -0.051 0.000 0.000 0.000
0.408 -1.503 1.000 -0.313 -0.452 0.000 0.115 -0.047 0.000 0.000 0.000
0.392 -1.525 1.000 -0.307 -0.454 0.000 0.115 -0.043 0.000 0.000 0.000
0.377 -1.548 1.000 -0.301 -0.456 0.000 0.115 -0.039 0.000 0.000 0.000
0.362 -1.571 1.000 -0.295 -0.458 0.000 0.115 -0.035 0.000 0.000 0.000
0.348 -1.594 1.000 -0.290 -0.459 0.000 0.115 -0.031 0.000 0.000 0.000
0.333 -1.617 1.000 -0.284 -0.461 0.000 0.115 -0.026 0.000 0.000 0.000
0.319 -1.640 1.000 -0.278 -0.462 0.000 0.114 -0.022 0.000 0.000 0.000
0.305 -1.663 1.000 -0.273 -0.463 0.000 0.113 -0.017 0.000 0.000 0.000
0.292 -1.686 1.000 -0.267 -0.464 0.000 0.112 -0.012 0.000 0.000 0.000
0.279 -1.710 1.000 -0.261 -0.464 0.000 0.111 -0.007 0.000 0.000 0.000
0.266 -1.733 1.000 -0.256 -0.465 0.000 0.110 -0.002 0.000 0.000 0.000
0.253 -1.756 1.000 -0.250 -0.464 0.000 0.108 0.004 0.000 0.000 0.000
0.241 -1.779 1.000 -0.245 -0.464 0.000 0.106 0.009 0.000 0.000 0.000
0.229 -1.802 1.000 -0.240 -0.464 0.000 0.104 0.015 0.000 0.000 0.000
0.217 -1.826 1.000 -0.235 -0.463 0.000 0.102 0.021 0.000 0.000 0.000
0.205 -1.849 1.000 -0.230 -0.461 0.000 0.099 0.027 0.000 0.000 0.000
0.194 -1.872 1.000 -0.225 -0.460 0.000 0.097 0.033 0.000 0.000 0.000
0.183 -1.895 1.000 -0.220 -0.458 0.000 0.094 0.039 0.000 0.000 0.000
0.172 -1.918 1.000 -0.215 -0.456 0.000 0.091 0.045 0.000 0.000 0.000
0.161 -1.940 1.000 -0.211 -0.454 0.000 0.088 0.052 0.000 0.000 0.000
0.151 -1.963 1.000 -0.207 -0.451 0.000 0.084 0.058 0.000 0.000 0.000
0.141 -1.985 1.000 -0.202 -0.448 0.000 0.081 0.065 0.000 0.000 0.000
0.130 -2.008 1.000 -0.198 -0.444 0.000 0.077 0.072 0.000 0.000 0.000
0.121 -2.030 1.000 -0.195 -0.441 0.000 0.073 0.079 0.000 0.000 0.000
0.111 -2.052 1.000 -0.191 -0.437 0.000 0.069 0.085 0.000 0.000 0.000
0.102 -2.073 1.000 -0.188 -0.432 0.000 0.065 0.092 0.000 0.000 0.000
0.092 -2.095 1.000 -0.185 -0.427 0.000 0.061 0.099 0.000 0.000 0.000
0.083 -2.116 1.000 -0.182 -0.422 0.000 0.056 0.106 0.000 0.000 0.000
0.074 -2.137 1.000 -0.179 -0.417 0.000 0.052 0.113 0.000 0.000 0.000
0.065 -2.158 1.000 -0.177 -0.411 0.000 0.047 0.121 0.000 0.000 0.000
0.056 -2.178 1.000 -0.174 -0.405 0.000 0.042 0.128 0.000 0.000 0.000
0.048 -2.198 1.000 -0.172 -0.398 0.000 0.037 0.135 0.000 0.000 0.000
0.039 -2.218 1.000 -0.171 -0.391 0.000 0.032 0.142 0.000 0.000 0.000
0.031 -2.237 1.000 -0.169 -0.384 0.000 0.027 0.149 0.000 0.000 0.000
0.022 -2.256 1.000 -0.168 -0.376 0.000 0.022 0.156 0.000 0.000 0.000
0.014 -2.275 1.000 -0.167 -0.368 0.000 0.017 0.163 0.000 0.000 0.000
0.006 -2.293 1.000 -0.166 -0.360 0.000 0.011 0.170 0.000 0.000 0.000
-0.003 -2.311 1.000 -0.166 -0.351 0.000 0.006 0.177 0.000 0.000 0.000
-0.011 -2.328 1.000 -0.166 -0.342 0.000 0.001 0.184 0.000 0.000 0.000
-0.019 -2.345 1.000 -0.166 -0.333 0.000 -0.005 0.191 0.000 0.000 0.000
-0.028 -2.362 1.000 -0.166 -0.323 0.000 -0.010 0.197 0.000 0.000 0.000
-0.036 -2.377 1.000 -0.167 -0.313 0.000 -0.015 0.204 0.000 0.000 0.000
-0.044 -2.393 1.000 -0.168 -0.303 0.000 -0.021 0.210 0.000 0.000 0.000
-0.053 -2.408 1.000 -0.169 -0.292 0.000 -0.026 0.217 0.000 0.000 0.000
-0.061 -2.422 1.000 -0.170 -0.281 0.000 -0.031 0.223 0.000 0.000 0.000
-0.070 -2.436 1.000 -0.172 -0.270 0.000 -0.036 0.229 0.000 0.000 0.000
-0.078 -2.449 1.000 -0.174 -0.258 0.000 -0.042 0.235 0.000 0.000 0.000
-0.087 -2.462 1.000 -0.176 -0.246 0.000 -0.047 0.240 0.000 0.000 0.000
-0.096 -2.474 1.000 -0.178 -0.234 0.000 -0.052 0.246 0.000 0.000 0.000
-0.105 -2.485 1.000 -0.181 -0.222 0.000 -0.057 0.251 0.000 0.000 0.000
-0.114 -2.496 1.000 -0.184 -0.209 0.000 -0.061 0.256 0.000 0.000 0.000
-0.123 -2.506 1.000 -0.187 -0.196 0.000 -0.066 0.261 0.000 0.000 0.000
-0.133 -2.515 1.000 -0.191 -0.183 0.000 -0.071 0.265 0.000 0.000 0.000
-0.142 -2.524 1.000 -0.194 -0.170 0.000 -0.075 0.269 0.000 0.000 0.000
-0.152 -2.532 1.000 -0.198 -0.156 0.000 -0.079 0.273 0.000 0.000 0.000
-0.162 -2.540 1.000 -0.202 -0.142 0.000 -0.083 0.277 0.000 0.000 0.000
-0.172 -2.547 1.000 -0.207 -0.128 0.000 -0.087 0.280 0.000 0.000 0.000
-0.183 -2.553 1.000 -0.211 -0.114 0.000 -0.091 0.283 0.000 0.000 0.000
-0.194 -2.558 1.000 -0.216 -0.100 0.000 -0.094 0.286 0.000 0.000 0.000
-0.204 -2.563 1.000 -0.220 -0.086 0.000 -0.098 0.289 0.000 0.000 0.000
-0.216 -2.567 1.000 -0.225 -0.071 0.000 -0.101 0.291 0.000 0.000 0.000
-0.227 -2.570 1.000 -0.231 -0.057 0.000 -0.104 0.292 0.000 0.000 0.000
-0.239 -2.572 1.000 -0.236 -0.042 0.000 -0.106 0.294 0.000 0.000 0.000
-0.251 -2.574 1.000 -0.241 -0.027 0.000 -0.109 0.295 0.000 0.000 0.000
-0.263 -2.575 1.000 -0.247 -0.012 0.000 -0.111 0.296 0.000 0.000 0.000
-0.275 -2.575 1.000 -0.252 0.002 0.000 -0.112 0.296 0.000 0.000 0.000
-0.288 -2.575 1.000 -0.258 0.017 0.000 -0.114 0.296 0.000 0.000 0.000
-0.301 -2.573 1.000 -0.264 0.032 0.000 -0.115 0.295 0.000 0.000 0.000
-0.314 -2.571 1.000 -0.269 0.047 0.000 -0.116 0.294 0.000 0.000 0.000
-0.328 -2.569 1.000 -0.275 0.061 0.000 -0.117 0.293 0.000 0.000 0.000
-0.342 -2.565 1.000 -0.281 0.076 0.000 -0.117 0.292 0.000 0.000 0.000
-0.356 -2.561 1.000 -0.287 0.091 0.000 -0.117 0.289 0.000 0.000 0.000
-0.371 -2.556 1.000 -0.293 0.105 0.000 -0.117 0.287 0.000 0.000 0.000
-0.385 -2.551 1.000 -0.299 0.119 0.000 -0.117 0.284 0.000 0.000 0.000
-0.400 -2.544 1.000 -0.304 0.133 0.000 -0.116 0.281 0.000 0.000 0.000
-0.416 -2.537 1.000 -0.310 0.147 0.000 -0.115 0.277 0.000 0.000 0.000
-0.431 -2.530 1.000 -0.316 0.161 0.000 -0.113 0.273 0.000 0.000 0.000
-0.447 -2.521 1.000 -0.322 0.175 0.000 -0.111 0.268 0.000 0.000 0.000
-0.464 -2.512 1.000 -0.327 0.188 0.000 -0.109 0.263 0.000 0.000 0.000
-0.480 -2.502 1.000 -0.332 0.201 0.000 -0.107 0.258 0.000 0.000 0.000
-0.497 -2.492 1.000 -0.338 0.214 0.000 -0.104 0.252 0.000 0.000 0.000
-0.514 -2.481 1.000 -0.343 0.226 0.000 -0.101 0.246 0.000 0.000 0.000
-0.531 -2.469 1.000 -0.348 0.238 0.000 -0.097 0.239 0.000 0.000 0.000
-0.549 -2.457 1.000 -0.353 0.250 0.000 -0.094 0.233 0.000 0.000 0.000
-0.566 -2.444 1.000 -0.357 0.262 0.000 -0.090 0.225 0.000 0.000 0.000
-0.584 -2.431 1.000 -0.362 0.273 0.000 -0.085 0.217 0.000 0.000 0.000
-0.603 -2.417 1.000 -0.366 0.283 0.000 -0.081 0.209 0.000 0.000 0.000
-0.621 -2.403 1.000 -0.370 0.294 0.000 -0.076 0.201 0.000 0.000 0.000
-0.640 -2.388 1.000 -0.373 0.303 0.000 -0.070 0.192 0.000 0.000 0.000
-0.658 -2.372 1.000 -0.377 0.313 0.000 -0.065 0.183 0.000 0.000 0.000
-0.677 -2.357 1.000 -0.380 0.322 0.000 -0.059 0.174 0.000 0.000 0.000
-0.696 -2.340 1.000 -0.383 0.330 0.000 -0.053 0.164 0.000 0.000 0.000
-0.715 -2.324 1.000 -0.385 0.338 0.000 -0.047 0.154 0.000 0.000 0.000
-0.735 -2.307 1.000 -0.387 0.345 0.000 -0.040 0.143 0.000 0.000 0.000
-0.754 -2.289 1.000 -0.389 0.352 0.000 -0.033 0.133 0.000 0.000 0.000
-0.774 -2.271 1.000 -0.391 0.359 0.000 -0.026 0.122 0.000 0.000 0.000
-0.793 -2.253 1.000 -0.392 0.365 0.000 -0.019 0.111 0.000 0.000 0.000
-0.813 -2.235 1.000 -0.392 0.370 0.000 -0.012 0.100 0.000 0.000 0.000
-0.832 -2.216 1.000 -0.393 0.375 0.000 -0.004 0.088 0.000 0.000 0.000
-0.852 -2.197 1.000 -0.393 0.379 0.000 0.003 0.077 0.000 0.000 0.000
-0.872 -2.178 1.000 -0.392 0.382 0.000 0.011 0.065 0.000 0.000 0.000
-0.891 -2.159 1.000 -0.392 0.385 0.000 0.019 0.054 0.000 0.000 0.000
-0.911 -2.140 1.000 -0.391 0.388 0.000 0.027 0.042 0.000 0.000 0.000
-0.930 -2.120 1.000 -0.389 0.389 0.000 0.035 0.030 0.000 0.000 0.000
-0.950 -2.101 1.000 -0.387 0.391 0.000 0.043 0.018 0.000 0.000 0.000
-0.969 -2.081 1.000 -0.385 0.391 0.000 0.051 0.006 0.000 0.000 0.000
-0.988 -2.062 1.000 -0.382 0.391 0.000 0.059 -0.006 0.000 0.000 0.000
-1.007 -2.042 1.000 -0.379 0.391 0.000 0.067 -0.017 0.000 0.000 0.000
-1.026 -2.023 1.000 -0.375 0.389 0.000 0.075 -0.029 0.000 0.000 0.000
-1.045 -2.003 1.000 -0.371 0.388 0.000 0.083 -0.040 0.000 0.000 0.000
-1.063 -1.984 1.000 -0.367 0.385 0.000 0.091 -0.052 0.000 0.000 0.000
-1.082 -1.965 1.000 -0.362 0.383 0.000 0.098 -0.063 0.000 0.000 0.000
-1.099 -1.946 1.000 -0.357 0.379 0.000 0.106 -0.074 0.000 0.000 0.000
-1.117 -1.927 1.000 -0.352 0.375 0.000 0.113 -0.085 0.000 0.000 0.000
-1.135 -1.908 1.000 -0.346 0.371 0.000 0.120 -0.095 0.000 0.000 0.000
-1.152 -1.890 1.000 -0.340 0.366 0.000 0.127 -0.105 0.000 0.000 0.000
-1.169 -1.872 1.000 -0.333 0.360 0.000 0.134 -0.115 0.000 0.000 0.000
-1.185 -1.854 1.000 -0.326 0.354 0.000 0.140 -0.124 0.000 0.000 0.000
-1.201 -1.836 1.000 -0.319 0.348 0.000 0.146 -0.133 0.000 0.000 0.000
-1.217 -1.819 1.000 -0.312 0.341 0.000 0.152 -0.142 0.000 0.000 0.000
-1.232 -1.802 1.000 -0.304 0.334 0.000 0.158 -0.150 0.000 0.000 0.000
-1.247 -1.786 1.000 -0.296 0.326 0.000 0.163 -0.158 0.000 0.000 0.000
-1.262 -1.770 1.000 -0.288 0.318 0.000 0.167 -0.165 0.000 0.000 0.000
-1.276 -1.754 1.000 -0.279 0.309 0.000 0.172 -0.172 0.000 0.000 0.000
-1.290 -1.739 1.000 -0.270 0.301 0.000 0.176 -0.178 0.000 0.000 0.000
-1.303 -1.724 1.000 -0.262 0.292 0.000 0.179 -0.184 0.000 0.000 0.000
-1.316 -1.710 1.000 -0.253 0.282 0.000 0.182 -0.189 0.000 0.000 0.000
-1.328 -1.696 1.000 -0.243 0.273 0.000 0.185 -0.194 0.000 0.000 0.000
-1.340 -1.682 1.000 -0.234 0.263 0.000 0.187 -0.198 0.000 0.000 0.000
-1.352 -1.669 1.000 -0.225 0.253 0.000 0.189 -0.201 0.000 0.000 0.000
-1.363 -1.657 1.000 -0.215 0.243 0.000 0.190 -0.204 0.000 0.000 0.000
-1.373 -1.645 1.000 -0.206 0.232 0.000 0.191 -0.207 0.000 0.000 0.000
-1.383 -1.634 1.000 -0.196 0.222 0.000 0.191 -0.208 0.000 0.000 0.000
-1.393 -1.623 1.000 -0.186 0.212 0.000 0.191 -0.209 0.000 0.000 0.000
-1.402 -1.613 1.000 -0.177 0.201 0.000 0.191 -0.210 0.000 0.000 0.000
-1.411 -1.603 1.000 -0.167 0.191 0.000 0.189 -0.209 0.000 0.000 0.000
-1.419 -1.594 1.000 -0.158 0.180 0.000 0.188 -0.208 0.000 0.000 0.000
-1.426 -1.585 1.000 -0.149 0.170 0.000 0.186 -0.207 0.000 0.000 0.000
-1.434 -1.577 1.000 -0.139 0.160 0.000 0.183 -0.205 0.000 0.000 0.000
-1.440 -1.569 1.000 -0.130 0.149 0.000 0.180 -0.202 0.000 0.000 0.000
-1.447 -1.562 1.000 -0.121 0.139 0.000 0.176 -0.198 0.000 0.000 0.000
-1.453 -1.555 1.000 -0.113 0.130 0.000 0.172 -0.194 0.000 0.000 0.000
-1.458 -1.549 1.000 -0.104 0.120 0.000 0.168 -0.190 0.000 0.000 0.000
-1.463 -1.543 1.000 -0.096 0.111 0.000 0.163 -0.185 0.000 0.000 0.000
-1.468 -1.538 1.000 -0.088 0.101 0.000 0.157 -0.179 0.000 0.000 0.000
-1.472 -1.533 1.000 -0.080 0.093 0.000 0.152 -0.173 0.000 0.000 0.000
-1.476 -1.528 1.000 -0.073 0.084 0.000 0.145 -0.166 0.000 0.000 0.000
-1.479 -1.524 1.000 -0.066 0.076 0.000 0.139 -0.159 0.000 0.000 0.000
-1.482 -1.521 1.000 -0.059 0.068 0.000 0.132 -0.152 0.000 0.000 0.000
-1.485 -1.518 1.000 -0.052 0.061 0.000 0.125 -0.144 0.000 0.000 0.000
-1.487 -1.515 1.000 -0.046 0.054 0.000 0.118 -0.136 0.000 0.000 0.000
-1.490 -1.512 1.000 -0.041 0.047 0.000 0.110 -0.127 0.000 0.000 0.000
-1.491 -1.510 1.000 -0.035 0.041 0.000 0.103 -0.118 0.000 0.000 0.000
-1.493 -1.508 1.000 -0.030 0.035 0.000 0.095 -0.110 0.000 0.000 0.000
-1.495 -1.506 1.000 -0.026 0.030 0.000 0.087 -0.101 0.000 0.000 0.000
-1.496 -1.505 1.000 -0.022 0.025 0.000 0.079 -0.091 0.000 0.000 0.000
-1.497 -1.504 1.000 -0.018 0.021 0.000 0.071 -0.082 0.000 0.000 0.000
-1.498 -1.503 1.000 -0.015 0.017 0.000 0.063 -0.073 0.000 0.000 0.000
-1.498 -1.502 1.000 -0.012 0.014 0.000 0.055 -0.064 0.000 0.000 0.000
-1.499 -1.501 1.000 -0.009 0.011 0.000 0.048 -0.056 0.000 0.000 0.000
-1.499 -1.501 1.000 -0.007 0.008 0.000 0.040 -0.047 0.000 0.000 0.000
-1.499 -1.501 1.000 -0.005 0.006 0.000 0.034 -0.039 0.000 0.000 0.000
-1.500 -1.500 1.000 -0.004 0.004 0.000 0.027 -0.032 0.000 0.000 0.000
-1.500 -1.500 1.000 -0.002 0.003 0.000 0.021 -0.025 0.000 0.000 0.000
-1.500 -1.500 1.000 -0.001 0.002 0.000 0.016 -0.018 0.000 0.000 0.000
-1.500 -1.500 1.000 -0.001 0.001 0.000 0.011 -0.013 0.000 0.000 0.000
-1.500 -1.500 1.000 -0.000 0.000 0.000 0.007 -0.008 0.000 0.000 0.000
-1.500 -1.500 1.000 -0.000 0.000 0.000 0.004 -0.004 0.000 0.000 0.000
-1.500 -1.500 1.000 -0.000 0.000 0.000 0.001 -0.002 0.000 0.000 0.000
-1.500 -1.500 1.000 -0.000 0.000 0.000 0.000 -0.000 0.000 0.000 0.000
-1.500 -1.500 1.000 0.000 0.000 0.000 0.000 0.000 0.000 0.000 0.000
-1.500 -1.500 1.000 0.000 0.000 0.000 0.000 0.000 0.000 0.000 0.000
-1.500 -1.500 1.000 0.000 0.000 0.000 0.000 0.000 0.000 0.000 0.000
-1.500 -1.500 1.000 0.000 0.000 0.000 0.000 0.000 0.000 0.000 0.000
-1.500 -1.500 1.000 0.000 0.000 0.000 0.000 0.000 0.000 0.000 0.000
-1.500 -1.500 1.000 0.000 0.000 0.000 0.000 0.000 0.000 0.000 0.000
-1.500 -1.500 1.000 0.000 0.000 0.000 0.000 0.000 0.000 0.000 0.000
-1.500 -1.500 1.000 0.000 0.000 0.000 0.000 0.000 0.000 0.000 0.000
-1.500 -1.500 1.000 0.000 0.000 0.000 0.000 0.000 0.000 0.000 0.000
-1.500 -1.500 1.000 0.000 0.000 0.000 0.000 0.000 0.000 0.000 0.000
-1.500 -1.500 1.000 0.000 0.000 0.000 0.000 0.000 0.000 0.000 0.000
-1.500 -1.500 1.000 0.000 0.000 0.000 0.000 0.000 0.000 0.000 0.000
-1.500 -1.500 1.000 0.000 0.000 0.000 0.000 0.000 0.000 0.000 0.000
-1.500 -1.500 1.000 0.000 0.000 0.000 0.000 0.000 0.000 0.000 0.000
-1.500 -1.500 1.000 0.000 0.000 0.000 0.000 0.000 0.000 0.000 0.000
-1.500 -1.500 1.000 0.000 0.000 0.000 0.000 0.000 0.000 0.000 0.000
-1.500 -1.500 1.000 0.000 0.000 0.000 0.000 0.000 0.000 0.000 0.000
-1.500 -1.500 1.000 0.000 0.000 0.000 0.000 0.000 0.000 0.000 0.000
-1.500 -1.500 1.000 0.000 0.000 0.000 0.000 0.000 0.000 0.000 0.000
-1.500 -1.500 1.000 0.000 0.000 0.000 0.000 0.000 0.000 0.000 0.000
-1.500 -1.500 1.000 0.000 0.000 0.000 0.000 0.000 0.000 0.000 0.000
-1.500 -1.500 1.000 0.000 0.000 0.000 0.000 0.000 0.000 0.000 0.000
-1.500 -1.500 1.000 0.000 0.000 0.000 0.000 0.000 0.000 0.000 0.000
-1.500 -1.500 1.000 0.000 0.000 0.000 0.000 0.000 0.000 0.000 0.000
-1.500 -1.500 1.000 0.000 0.000 0.000 0.000 0.000 0.000 0.000 0.000
-1.500 -1.500 1.000 0.000 0.000 0.000 0.000 0.000 0.000 0.000 0.000
-1.500 -1.500 1.000 0.000 0.000 0.000 0.000 0.000 0.000 0.000 0.000
-1.500 -1.500 1.000 0.000 0.000 0.000 0.000 0.000 0.000 0.000 0.000
-1.500 -1.500 1.000 0.000 0.000 0.000 0.000 0.000 0.000 0.000 0.000
-1.500 -1.500 1.000 0.000 0.000 0.000 0.000 0.000 0.000 0.000 0.000
-1.500 -1.500 1.000 0.000 0.000 0.000 0.000 0.000 0.000 0.000 0.000
-1.500 -1.500 1.000 0.000 0.000 0.000 0.000 0.000 0.000 0.000 0.000
-1.500 -1.500 1.000 0.000 0.000 0.000 0.000 0.000 0.000 0.000 0.000
-1.500 -1.500 1.000 0.000 0.000 0.000 0.000 0.000 0.000 0.000 0.000
-1.500 -1.500 1.000 0.000 0.000 0.000 0.000 0.000 0.000 0.000 0.000
-1.500 -1.500 1.000 0.000 0.000 0.000 0.000 0.000 0.000 0.000 0.000
-1.500 -1.500 1.000 0.000 0.000 0.000 0.000 0.000 0.000 0.000 0.000
-1.500 -1.500 1.000 0.000 0.000 0.000 0.000 0.000 0.000 0.000 0.000
-1.500 -1.500 1.000 0.000 0.000 0.000 0.000 0.000 0.000 0.000 0.000
-1.500 -1.500 1.000 0.000 0.000 0.000 0.000 0.000 0.000 0.000 0.000
-1.500 -1.500 1.000 0.000 0.000 0.000 0.000 0.000 0.000 0.000 0.000
-1.500 -1.500 1.000 0.000 0.000 0.000 0.000 0.000 0.000 0.000 0.000
-1.500 -1.500 1.000 0.000 0.000 0.000 0.000 0.000 0.000 0.000 0.000
-1.500 -1.500 1.000 0.000 0.000 0.000 0.000 0.000 0.000 0.000 0.000
-1.500 -1.500 1.000 0.000 0.000 0.000 0.000 0.000 0.000 0.000 0.000
-1.500 -1.500 1.000 0.000 0.000 0.000 0.000 0.000 0.000 0.000 0.000
-1.500 -1.500 1.000 0.000 0.000 0.000 0.000 0.000 0.000 0.000 0.000
-1.500 -1.500 1.000 0.000 0.000 0.000 0.000 0.000 0.000 0.000 0.000
-1.500 -1.500 1.000 0.000 0.000 0.000 0.000 0.000 0.000 0.000 0.000
-1.500 -1.500 1.000 0.000 0.000 0.000 0.000 0.000 0.000 0.000 0.000
-1.500 -1.500 1.000 0.000 0.000 0.000 0.000 0.000 0.000 0.000 0.000
-1.500 -1.500 1.000 0.000 0.000 0.000 0.000 0.000 0.000 0.000 0.000
-1.500 -1.500 1.000 0.000 0.000 0.000 0.000 0.000 0.000 0.000 0.000
-1.500 -1.500 1.000 0.000 0.000 0.000 0.000 0.000 0.000 0.000 0.000
-1.500 -1.500 1.000 0.000 0.000 0.000 0.000 0.000 0.000 0.000 0.000
-1.500 -1.500 1.000 0.000 0.000 0.000 0.000 0.000 0.000 0.000 0.000
-1.500 -1.500 1.000 0.000 0.000 0.000 0.000 0.000 0.000 0.000 0.000
-1.500 -1.500 1.000 0.000 0.000 0.000 0.000 0.000 0.000 0.000 0.000
-1.500 -1.500 1.000 0.000 0.000 0.000 0.000 0.000 0.000 0.000 0.000
-1.500 -1.500 1.000 0.000 0.000 0.000 0.000 0.000 0.000 0.000 0.000
-1.500 -1.500 1.000 0.000 0.000 0.000 0.000 0.000 0.000 0.000 0.000
-1.500 -1.500 1.000 0.000 0.000 0.000 0.000 0.000 0.000 0.000 0.000
-1.500 -1.500 1.000 0.000 0.000 0.000 0.000 0.000 0.000 0.000 0.000
-1.500 -1.500 1.000 0.000 0.000 0.000 0.000 0.000 0.000 0.000 0.000
-1.500 -1.500 1.000 0.000 0.000 0.000 0.000 0.000 0.000 0.000 0.000
-1.500 -1.500 1.000 0.000 0.000 0.000 0.000 0.000 0.000 0.000 0.000
-1.500 -1.500 1.000 0.000 0.000 0.000 0.000 0.000 0.000 0.000 0.000
-1.500 -1.500 1.000 0.000 0.000 0.000 0.000 0.000 0.000 0.000 0.000
-1.500 -1.500 1.000 0.000 0.000 0.000 0.000 0.000 0.000 0.000 0.000
-1.500 -1.500 1.000 0.000 0.000 0.000 0.000 0.000 0.000 0.000 0.000
-1.500 -1.500 1.000 0.000 0.000 0.000 0.000 0.000 0.000 0.000 0.000
-1.500 -1.500 1.000 0.000 0.000 0.000 0.000 0.000 0.000 0.000 0.000
-1.500 -1.500 1.000 0.000 0.000 0.000 0.000 0.000 0.000 0.000 0.000
-1.500 -1.500 1.000 0.000 0.000 0.000 0.000 0.000 0.000 0.000 0.000
-1.500 -1.500 1.000 0.000 0.000 0.000 0.000 0.000 0.000 0.000 0.000
-1.500 -1.500 1.000 0.000 0.000 0.000 0.000 0.000 0.000 0.000 0.000
-1.500 -1.500 1.000 0.000 0.000 0.000 0.000 0.000 0.000 0.000 0.000
-1.500 -1.500 1.000 0.000 0.000 0.000 0.000 0.000 0.000 0.000 0.000
-1.500 -1.500 1.000 0.000 0.000 0.000 0.000 0.000 0.000 0.000 0.000
-1.500 -1.500 1.000 0.000 0.000 0.000 0.000 0.000 0.000 0.000 0.000
-1.500 -1.500 1.000 0.000 0.000 0.000 0.000 0.000 0.000 0.000 0.000
-1.500 -1.500 1.000 0.000 0.000 0.000 0.000 0.000 0.000 0.000 0.000
-1.500 -1.500 1.000 0.000 0.000 0.000 0.000 0.000 0.000 0.000 0.000
-1.500 -1.500 1.000 0.000 0.000 0.000 0.000 0.000 0.000 0.000 0.000
-1.500 -1.500 1.000 0.000 0.000 0.000 0.000 0.000 0.000 0.000 0.000
-1.500 -1.500 1.000 0.000 0.000 0.000 0.000 0.000 0.000 0.000 0.000
-1.500 -1.500 1.000 0.000 0.000 0.000 0.000 0.000 0.000 0.000 0.000
-1.500 -1.500 1.000 0.000 0.000 0.000 0.000 0.000 0.000 0.000 0.000
-1.500 -1.500 1.000 0.000 0.000 0.000 0.000 0.000 0.000 0.000 0.000
-1.500 -1.500 1.000 0.000 0.000 0.000 0.000 0.000 0.000 0.000 0.000
-1.500 -1.500 1.000 0.000 0.000 0.000 0.000 0.000 0.000 0.000 0.000
-1.500 -1.500 1.000 0.000 0.000 0.000 0.000 0.000 0.000 0.000 0.000
-1.500 -1.500 1.000 0.000 0.000 0.000 0.000 0.000 0.000 0.000 0.000
-1.500 -1.500 1.000 0.000 0.000 0.000 0.000 0.000 0.000 0.000 0.000
-1.500 -1.500 1.000 0.000 0.000 0.000 0.000 0.000 0.000 0.000 0.000
-1.500 -1.500 1.000 0.000 0.000 0.000 0.000 0.000 0.000 0.000 0.000
-1.500 -1.500 1.000 0.000 0.000 0.000 0.000 0.000 0.000 0.000 0.000
-1.500 -1.500 1.000 0.000 0.000 0.000 0.000 0.000 0.000 0.000 0.000
-1.500 -1.500 1.000 0.000 0.000 0.000 0.000 0.000 0.000 0.000 0.000
-1.500 -1.500 1.000 0.000 0.000 0.000 0.000 0.000 0.000 0.000 0.000
-1.500 -1.500 1.000 0.000 0.000 0.000 0.000 0.000 0.000 0.000 0.000
-1.500 -1.500 1.000 0.000 0.000 0.000 0.000 0.000 0.000 0.000 0.000
-1.500 -1.500 1.000 0.000 0.000 0.000 0.000 0.000 0.000 0.000 0.000
-1.500 -1.500 1.000 0.000 0.000 0.000 0.000 0.000 0.000 0.000 0.000
-1.500 -1.500 1.000 0.000 0.000 0.000 0.000 0.000 0.000 0.000 0.000
-1.500 -1.500 1.000 0.000 0.000 0.000 0.000 0.000 0.000 0.000 0.000
-1.500 -1.500 1.000 0.000 0.000 0.000 0.000 0.000 0.000 0.000 0.000
-1.500 -1.500 1.000 0.000 0.000 0.000 0.000 0.000 0.000 0.000 0.000
-1.500 -1.500 1.000 0.000 0.000 0.000 0.000 0.000 0.000 0.000 0.000
-1.500 -1.500 1.000 0.000 0.000 0.000 0.000 0.000 0.000 0.000 0.000
-1.500 -1.500 1.000 0.000 0.000 0.000 0.000 0.000 0.000 0.000 0.000
-1.500 -1.500 1.000 0.000 0.000 0.000 0.000 0.000 0.000 0.000 0.000
-1.500 -1.500 1.000 0.000 0.000 0.000 0.000 0.000 0.000 0.000 0.000
-1.500 -1.500 1.000 0.000 0.000 0.000 0.000 0.000 0.000 0.000 0.000
-1.500 -1.500 1.000 0.000 0.000 0.000 0.000 0.000 0.000 0.000 0.000
-1.500 -1.500 1.000 0.000 0.000 0.000 0.000 0.000 0.000 0.000 0.000
-1.500 -1.500 1.000 0.000 0.000 0.000 0.000 0.000 0.000 0.000 0.000
-1.500 -1.500 1.000 0.000 0.000 0.000 0.000 0.000 0.000 0.000 0.000
-1.500 -1.500 1.000 0.000 0.000 0.000 0.000 0.000 0.000 0.000 0.000
-1.500 -1.500 1.000 0.000 0.000 0.000 0.000 0.000 0.000 0.000 0.000
-1.500 -1.500 1.000 0.000 0.000 0.000 0.000 0.000 0.000 0.000 0.000
-1.500 -1.500 1.000 0.000 0.000 0.000 0.000 0.000 0.000 0.000 0.000
-1.500 -1.500 1.000 0.000 0.000 0.000 0.000 0.000 0.000 0.000 0.000
-1.500 -1.500 1.000 0.000 0.000 0.000 0.000 0.000 0.000 0.000 0.000
-1.500 -1.500 1.000 0.000 0.000 0.000 0.000 0.000 0.000 0.000 0.000
-1.500 -1.500 1.000 0.000 0.000 0.000 0.000 0.000 0.000 0.000 0.000
-1.500 -1.500 1.000 0.000 0.000 0.000 0.000 0.000 0.000 0.000 0.000
-1.500 -1.500 1.000 0.000 0.000 0.000 0.000 0.000 0.000 0.000 0.000
-1.500 -1.500 1.000 0.000 0.000 0.000 0.000 0.000 0.000 0.000 0.000
-1.500 -1.500 1.000 0.000 0.000 0.000 0.000 0.000 0.000 0.000 0.000
-1.500 -1.500 1.000 0.000 0.000 0.000 0.000 0.000 0.000 0.000 0.000
-1.500 -1.500 1.000 0.000 0.000 0.000 0.000 0.000 0.000 0.000 0.000
-1.500 -1.500 1.000 0.000 0.000 0.000 0.000 0.000 0.000 0.000 0.000
-1.500 -1.500 1.000 0.000 0.000 0.000 0.000 0.000 0.000 0.000 0.000
-1.500 -1.500 1.000 0.000 0.000 0.000 0.000 0.000 0.000 0.000 0.000
-1.500 -1.500 1.000 0.000 0.000 0.000 0.000 0.000 0.000 0.000 0.000
-1.500 -1.500 1.000 0.000 0.000 0.000 0.000 0.000 0.000 0.000 0.000
-1.500 -1.500 1.000 0.000 0.000 0.000 0.000 0.000 0.000 0.000 0.000
-1.500 -1.500 1.000 0.000 0.000 0.000 0.000 0.000 0.000 0.000 0.000
-1.500 -1.500 1.000 0.000 0.000 0.000 0.000 0.000 0.000 0.000 0.000
-1.500 -1.500 1.000 0.000 0.000 0.000 0.000 0.000 0.000 0.000 0.000
-1.500 -1.500 1.000 0.000 0.000 0.000 0.000 0.000 0.000 0.000 0.000
-1.500 -1.500 1.000 0.000 0.000 0.000 0.000 0.000 0.000 0.000 0.000
-1.500 -1.500 1.000 0.000 0.000 0.000 0.000 0.000 0.000 0.000 0.000
-1.500 -1.500 1.000 0.000 0.000 0.000 0.000 0.000 0.000 0.000 0.000
-1.500 -1.500 1.000 0.000 0.000 0.000 0.000 0.000 0.000 0.000 0.000
-1.500 -1.500 1.000 0.000 0.000 0.000 0.000 0.000 0.000 0.000 0.000
-1.500 -1.500 1.000 0.000 0.000 0.000 0.000 0.000 0.000 0.000 0.000
-1.500 -1.500 1.000 0.000 0.000 0.000 0.000 0.000 0.000 0.000 0.000
-1.500 -1.500 1.000 0.000 0.000 0.000 0.000 0.000 0.000 0.000 0.000
-1.500 -1.500 1.000 0.000 0.000 0.000 0.000 0.000 0.000 0.000 0.000
-1.500 -1.500 1.000 0.000 0.000 0.000 0.000 0.000 0.000 0.000 0.000
-1.500 -1.500 1.000 0.000 0.000 0.000 0.000 0.000 0.000 0.000 0.000
-1.500 -1.500 1.000 0.000 0.000 0.000 0.000 0.000 0.000 0.000 0.000
-1.500 -1.500 1.000 0.000 0.000 0.000 0.000 0.000 0.000 0.000 0.000
-1.500 -1.500 1.000 0.000 0.000 0.000 0.000 0.000 0.000 0.000 0.000
-1.500 -1.500 1.000 0.000 0.000 0.000 0.000 0.000 0.000 0.000 0.000
-1.500 -1.500 1.000 0.000 0.000 0.000 0.000 0.000 0.000 0.000 0.000
-1.500 -1.500 1.000 0.000 0.000 0.000 0.000 0.000 0.000 0.000 0.000
-1.500 -1.500 1.000 0.000 0.000 0.000 0.000 0.000 0.000 0.000 0.000
-1.500 -1.500 1.000 0.000 0.000 0.000 0.000 0.000 0.000 0.000 0.000
-1.500 -1.500 1.000 0.000 0.000 0.000 0.000 0.000 0.000 0.000 0.000
-1.500 -1.500 1.000 0.000 0.000 0.000 0.000 0.000 0.000 0.000 0.000
-1.500 -1.500 1.000 0.000 0.000 0.000 0.000 0.000 0.000 0.000 0.000
-1.500 -1.500 1.000 0.000 0.000 0.000 0.000 0.000 0.000 0.000 0.000
-1.500 -1.500 1.000 0.000 0.000 0.000 0.000 0.000 0.000 0.000 0.000
-1.500 -1.500 1.000 0.000 0.000 0.000 0.000 0.000 0.000 0.000 0.000
-1.500 -1.500 1.000 0.000 0.000 0.000 0.000 0.000 0.000 0.000 0.000
-1.500 -1.500 1.000 0.000 0.000 0.000 0.000 0.000 0.000 0.000 0.000
-1.500 -1.500 1.000 0.000 0.000 0.000 0.000 0.000 0.000 0.000 0.000
-1.500 -1.500 1.000 0.000 0.000 0.000 0.000 0.000 0.000 0.000 0.000
-1.500 -1.500 1.000 0.000 0.000 0.000 0.000 0.000 0.000 0.000 0.000
-1.500 -1.500 1.000 0.000 0.000 0.000 0.000 0.000 0.000 0.000 0.000
-1.500 -1.500 1.000 0.000 0.000 0.000 0.000 0.000 0.000 0.000 0.000
-1.500 -1.500 1.000 0.000 0.000 0.000 0.000 0.000 0.000 0.000 0.000
-1.500 -1.500 1.000 0.000 0.000 0.000 0.000 0.000 0.000 0.000 0.000
-1.500 -1.500 1.000 0.000 0.000 0.000 0.000 0.000 0.000 0.000 0.000
-1.500 -1.500 1.000 0.000 0.000 0.000 0.000 0.000 0.000 0.000 0.000
-1.500 -1.500 1.000 0.000 0.000 0.000 0.000 0.000 0.000 0.000 0.000
-1.500 -1.500 1.000 0.000 0.000 0.000 0.000 0.000 0.000 0.000 0.000
-1.500 -1.500 1.000 0.000 0.000 0.000 0.000 0.000 0.000 0.000 0.000
-1.500 -1.500 1.000 0.000 0.000 0.000 0.000 0.000 0.000 0.000 0.000
-1.500 -1.500 1.000 0.000 0.000 0.000 0.000 0.000 0.000 0.000 0.000
-1.500 -1.500 1.000 0.000 0.000 0.000 0.000 0.000 0.000 0.000 0.000
-1.500 -1.500 1.000 0.000 0.000 0.000 0.000 0.000 0.000 0.000 0.000
-1.500 -1.500 1.000 0.000 0.000 0.000 0.000 0.000 0.000 0.000 0.000
-1.500 -1.500 1.000 0.000 0.000 0.000 0.000 0.000 0.000 0.000 0.000
-1.500 -1.500 1.000 0.000 0.000 0.000 0.000 0.000 0.000 0.000 0.000
-1.500 -1.500 1.000 0.000 0.000 0.000 0.000 0.000 0.000 0.000 0.000
-1.500 -1.500 1.000 0.000 0.000 0.000 0.000 0.000 0.000 0.000 0.000
-1.500 -1.500 1.000 0.000 0.000 0.000 0.000 0.000 0.000 0.000 0.000
-1.500 -1.500 1.000 0.000 0.000 0.000 0.000 0.000 0.000 0.000 0.000
-1.500 -1.500 1.000 0.000 0.000 0.000 0.000 0.000 0.000 0.000 0.000
-1.500 -1.500 1.000 0.000 0.000 0.000 0.000 0.000 0.000 0.000 0.000
-1.500 -1.500 1.000 0.000 0.000 0.000 0.000 0.000 0.000 0.000 0.000
-1.500 -1.500 1.000 0.000 0.000 0.000 0.000 0.000 0.000 0.000 0.000
-1.500 -1.500 1.000 0.000 0.000 0.000 0.000 0.000 0.000 0.000 0.000
-1.500 -1.500 1.000 0.000 0.000 0.000 0.000 0.000 0.000 0.000 0.000
-1.500 -1.500 1.000 0.000 0.000 0.000 0.000 0.000 0.000 0.000 0.000
-1.500 -1.500 1.000 0.000 0.000 0.000 0.000 0.000 0.000 0.000 0.000
-1.500 -1.500 1.000 0.000 0.000 0.000 0.000 0.000 0.000 0.000 0.000
-1.500 -1.500 1.000 0.000 0.000 0.000 0.000 0.000 0.000 0.000 0.000
-1.500 -1.500 1.000 0.000 0.000 0.000 0.000 0.000 0.000 0.000 0.000
-1.500 -1.500 1.000 0.000 0.000 0.000 0.000 0.000 0.000 0.000 0.000
-1.500 -1.500 1.000 0.000 0.000 0.000 0.000 0.000 0.000 0.000 0.000
-1.500 -1.500 1.000 0.000 0.000 0.000 0.000 0.000 0.000 0.000 0.000
-1.500 -1.500 1.000 0.000 0.000 0.000 0.000 0.000 0.000 0.000 0.000
-1.500 -1.500 1.000 0.000 0.000 0.000 0.000 0.000 0.000 0.000 0.000
-1.500 -1.500 1.000 0.000 0.000 0.000 0.000 0.000 0.000 0.000 0.000
-1.500 -1.500 1.000 0.000 0.000 0.000 0.000 0.000 0.000 0.000 0.000
-1.500 -1.500 1.000 0.000 0.000 -0.006 0.000 0.000 -0.250 0.000 0.000
-1.500 -1.500 0.999 0.000 0.000 -0.025 0.000 0.000 -0.500 0.000 0.000
-1.500 -1.500 0.997 0.000 0.000 -0.050 0.000 0.000 -0.500 0.000 0.000
-1.500 -1.500 0.994 0.000 0.000 -0.075 0.000 0.000 -0.500 0.000 0.000
-1.500 -1.500 0.990 0.000 0.000 -0.100 0.000 0.000 -0.500 0.000 0.000
-1.500 -1.500 0.984 0.000 0.000 -0.125 0.000 0.000 -0.500 0.000 0.000
-1.500 -1.500 0.977 0.000 0.000 -0.150 0.000 0.000 -0.500 0.000 0.000
-1.500 -1.500 0.969 0.000 0.000 -0.175 0.000 0.000 -0.500 0.000 0.000
-1.500 -1.500 0.960 0.000 0.000 -0.200 0.000 0.000 -0.500 0.000 0.000
-1.500 -1.500 0.949 0.000 0.000 -0.225 0.000 0.000 -0.500 0.000 0.000
-1.500 -1.500 0.937 0.000 0.000 -0.250 0.000 0.000 -0.500 0.000 0.000
-1.500 -1.500 0.924 0.000 0.000 -0.275 0.000 0.000 -0.500 0.000 0.000
-1.500 -1.500 0.910 0.000 0.000 -0.300 0.000 0.000 -0.500 0.000 0.000
-1.500 -1.500 0.894 0.000 0.000 -0.325 0.000 0.000 -0.500 0.000 0.000
-1.500 -1.500 0.877 0.000 0.000 -0.350 0.000 0.000 -0.500 0.000 0.000
-1.500 -1.500 0.859 0.000 0.000 -0.375 0.000 0.000 -0.500 0.000 0.000
-1.500 -1.500 0.840 0.000 0.000 -0.400 0.000 0.000 -0.500 0.000 0.000
-1.500 -1.500 0.819 0.000 0.000 -0.425 0.000 0.000 -0.500 0.000 0.000
-1.500 -1.500 0.797 0.000 0.000 -0.450 0.000 0.000 -0.500 0.000 0.000
-1.500 -1.500 0.774 0.000 0.000 -0.475 0.000 0.000 -0.500 0.000 0.000
-1.500 -1.500 0.750 0.000 0.000 -0.494 0.000 0.000 -0.250 0.000 0.000
-1.500 -1.500 0.725 0.000 0.000 -0.500 0.000 0.000 0.000 0.000 0.000
-1.500 -1.500 0.700 0.000 0.000 -0.500 0.000 0.000 0.000 0.000 0.000
-1.500 -1.500 0.675 0.000 0.000 -0.500 0.000 0.000 0.000 0.000 0.000
-1.500 -1.500 0.650 0.000 0.000 -0.500 0.000 0.000 0.000 0.000 0.000
-1.500 -1.500 0.625 0.000 0.000 -0.500 0.000 0.000 0.000 0.000 0.000
-1.500 -1.500 0.600 0.000 0.000 -0.500 0.000 0.000 0.000 0.000 0.000
-1.500 -1.500 0.575 0.000 0.000 -0.500 0.000 0.000 0.000 0.000 0.000
-1.500 -1.500 0.550 0.000 0.000 -0.500 0.000 0.000 0.000 0.000 0.000
-1.500 -1.500 0.525 0.000 0.000 -0.500 0.000 0.000 0.000 0.000 0.000
-1.500 -1.500 0.500 0.000 0.000 -0.500 0.000 0.000 0.000 0.000 0.000
-1.500 -1.500 0.475 0.000 0.000 -0.500 0.000 0.000 0.000 0.000 0.000
-1.500 -1.500 0.450 0.000 0.000 -0.500 0.000 0.000 0.000 0.000 0.000
-1.500 -1.500 0.425 0.000 0.000 -0.500 0.000 0.000 0.000 0.000 0.000
-1.500 -1.500 0.400 0.000 0.000 -0.500 0.000 0.000 0.000 0.000 0.000
-1.500 -1.500 0.375 0.000 0.000 -0.500 0.000 0.000 0.000 0.000 0.000
-1.500 -1.500 0.350 0.000 0.000 -0.500 0.000 0.000 0.000 0.000 0.000
-1.500 -1.500 0.325 0.000 0.000 -0.500 0.000 0.000 0.000 0.000 0.000
-1.500 -1.500 0.300 0.000 0.000 -0.500 0.000 0.000 0.000 0.000 0.000
-1.500 -1.500 0.275 0.000 0.000 -0.500 0.000 0.000 0.000 0.000 0.000
-1.500 -1.500 0.250 0.000 0.000 -0.500 0.000 0.000 0.000 0.000 0.000
-1.500 -1.500 0.225 0.000 0.000 -0.500 0.000 0.000 0.000 0.000 0.000
-1.500 -1.500 0.200 0.000 0.000 -0.500 0.000 0.000 0.000 0.000 0.000
-1.500 -1.500 0.175 0.000 0.000 -0.500 0.000 0.000 0.000 0.000 0.000
-1.500 -1.500 0.150 0.000 0.000 -0.499 0.000 0.000 0.081 0.000 0.000
-1.500 -1.500 0.125 0.000 0.000 -0.489 0.000 0.000 0.331 0.000 0.000
-1.500 -1.500 0.101 0.000 0.000 -0.466 0.000 0.000 0.581 0.000 0.000
-1.500 -1.500 0.079 0.000 0.000 -0.431 0.000 0.000 0.831 0.000 0.000
-1.500 -1.500 0.058 0.000 0.000 -0.383 0.000 0.000 1.081 0.000 0.000
-1.500 -1.500 0.041 0.000 0.000 -0.323 0.000 0.000 1.331 0.000 0.000
-1.500 -1.500 0.026 0.000 0.000 -0.250 0.000 0.000 1.581 0.000 0.000
-1.500 -1.500 0.016 0.000 0.000 -0.177 0.000 0.000 1.331 0.000 0.000
-1.500 -1.500 0.008 0.000 0.000 -0.117 0.000 0.000 1.081 0.000 0.000
-1.500 -1.500 0.004 0.000 0.000 -0.069 0.000 0.000 0.831 0.000 0.000
-1.500 -1.500 0.001 0.000 0.000 -0.034 0.000 0.000 0.581 0.000 0.000
-1.500 -1.500 0.000 0.000 0.000 -0.011 0.000 0.000 0.331 0.000 0.000
-1.500 -1.500 -0.000 0.000 0.000 -0.001 0.000 0.000 0.081 0.000 0.000
