-1.500000 1.500000 1 -0.000000 -0.000000 0 -0.000000 -0.000000 0 0 0 

-1.499998 1.499999 1 0.000133 -0.000068 0 0.007869 -0.004029 0 0 0 

-1.499974 1.499987 1 0.001021 -0.000523 0 0.029764 -0.015263 0 0 0 

-1.499873 1.499935 1 0.003303 -0.001694 0 0.063254 -0.032492 0 0 0 

-1.499612 1.499801 1 0.007502 -0.003853 0 0.106096 -0.054593 0 0 0 

-1.499084 1.499529 1 0.014033 -0.007217 0 0.156223 -0.080533 0 0 0 

-1.498164 1.499056 1 0.023214 -0.011955 0 0.211740 -0.109359 0 0 0 

-1.496715 1.498309 1 0.035268 -0.018187 0 0.270920 -0.140200 0 0 0 

-1.494587 1.497211 1 0.050341 -0.025995 0 0.332194 -0.172264 0 0 0 

-1.491629 1.495683 1 0.068499 -0.035422 0 0.394148 -0.204833 0 0 0 

-1.487686 1.493642 1 0.089746 -0.046476 0 0.455517 -0.237260 0 0 0 

-1.482604 1.491008 1 0.114022 -0.059136 0 0.515177 -0.268968 0 0 0 

-1.476235 1.487702 1 0.141218 -0.073352 0 0.572140 -0.299448 0 0 0 

-1.468436 1.483648 1 0.171177 -0.089052 0 0.625549 -0.328253 0 0 0 

-1.459074 1.478774 1 0.203702 -0.106143 0 0.674669 -0.354995 0 0 0 

-1.448027 1.473013 1 0.238562 -0.124512 0 0.718885 -0.379348 0 0 0 

-1.435183 1.466304 1 0.275500 -0.144033 0 0.757693 -0.401037 0 0 0 

-1.420447 1.458592 1 0.314234 -0.164568 0 0.790694 -0.419841 0 0 0 

-1.403735 1.449832 1 0.354468 -0.185967 0 0.817592 -0.435589 0 0 0 

-1.384980 1.439984 1 0.395889 -0.208074 0 0.838182 -0.448154 0 0 0 

-1.364132 1.429016 1 0.438179 -0.230727 0 0.852346 -0.457454 0 0 0 

-1.341153 1.416905 1 0.481015 -0.253764 0 0.860052 -0.463448 0 0 0 

-1.316026 1.403636 1 0.524077 -0.277017 0 0.861339 -0.466133 0 0 0 

-1.288747 1.389202 1 0.567044 -0.300322 0 0.856320 -0.465540 0 0 0 

-1.259329 1.373605 1 0.609607 -0.323517 0 0.845168 -0.461731 0 0 0 

-1.227798 1.356855 1 0.651463 -0.346444 0 0.828117 -0.454801 0 0 0 

-1.194199 1.338968 1 0.692325 -0.368947 0 0.805450 -0.444868 0 0 0 

-1.158587 1.319970 1 0.731920 -0.390883 0 0.777497 -0.432074 0 0 0 

-1.121032 1.299892 1 0.769992 -0.412110 0 0.744628 -0.416584 0 0 0 

-1.081617 1.278773 1 0.806307 -0.432499 0 0.707245 -0.398579 0 0 0 

-1.040435 1.256658 1 0.840649 -0.451929 0 0.665780 -0.378254 0 0 0 

-0.997588 1.233598 1 0.872825 -0.470289 0 0.620684 -0.355818 0 0 0 

-0.953191 1.209648 1 0.902665 -0.487479 0 0.572426 -0.331488 0 0 0 

-0.907363 1.184871 1 0.930022 -0.503410 0 0.521482 -0.305489 0 0 0 

-0.860232 1.159330 1 0.954776 -0.518004 0 0.468334 -0.278049 0 0 0 

-0.811931 1.133094 1 0.976827 -0.531195 0 0.413460 -0.249395 0 0 0 

-0.762596 1.106234 1 0.996101 -0.542927 0 0.357329 -0.219753 0 0 0 

-0.712368 1.078826 1 1.012547 -0.553157 0 0.300397 -0.189345 0 0 0 

-0.661389 1.050944 1 1.026135 -0.561853 0 0.243098 -0.158384 0 0 0 

-0.609802 1.022667 1 1.036857 -0.568990 0 0.185840 -0.127073 0 0 0 

-0.557751 0.994071 1 1.044726 -0.574557 0 0.129005 -0.095604 0 0 0 

-0.505377 0.965237 1 1.049771 -0.578551 0 0.072944 -0.064155 0 0 0 

-0.452820 0.936243 1 1.052039 -0.580976 0 0.017985 -0.032896 0 0 0 

-0.400218 0.907166 1 1.051592 -0.581846 0 -0.035575 -0.001986 0 0 0 

-0.347705 0.878083 1 1.048509 -0.581183 0 -0.087460 0.028429 0 0 0 

-0.295410 0.849072 1 1.042878 -0.579014 0 -0.137422 0.058212 0 0 0 

-0.243458 0.820207 1 1.034803 -0.575374 0 -0.185236 0.087235 0 0 0 

-0.191968 0.791559 1 1.024394 -0.570305 0 -0.230701 0.115382 0 0 0 

-0.141055 0.763199 1 1.011775 -0.563852 0 -0.273638 0.142545 0 0 0 

-0.090825 0.735196 1 0.997075 -0.556069 0 -0.313891 0.168626 0 0 0 

-0.041380 0.707614 1 0.980432 -0.547009 0 -0.351326 0.193536 0 0 0 

0.007188 0.680515 1 0.961991 -0.536736 0 -0.385827 0.217197 0 0 0 

0.054792 0.653959 1 0.941900 -0.525312 0 -0.417301 0.239535 0 0 0 

0.101353 0.628002 1 0.920313 -0.512805 0 -0.445674 0.260490 0 0 0 

0.146801 0.602695 1 0.897385 -0.499287 0 -0.470890 0.280005 0 0 0 

0.191072 0.578089 1 0.873277 -0.484830 0 -0.492910 0.298035 0 0 0 

0.234111 0.554227 1 0.848148 -0.469509 0 -0.511715 0.314540 0 0 0 

0.275872 0.531151 1 0.822159 -0.453401 0 -0.527299 0.329490 0 0 0 

0.316316 0.508899 1 0.795472 -0.436586 0 -0.539676 0.342859 0 0 0 

0.355410 0.487503 1 0.768245 -0.419142 0 -0.548872 0.354631 0 0 0 

0.393134 0.466994 1 0.740637 -0.401150 0 -0.554929 0.364795 0 0 0 

0.429470 0.447396 1 0.712803 -0.382690 0 -0.557904 0.373347 0 0 0 

0.464413 0.428731 1 0.684897 -0.363842 0 -0.557864 0.380289 0 0 0 

0.497961 0.411017 1 0.657066 -0.344687 0 -0.554890 0.385629 0 0 0 

0.530123 0.394266 1 0.629455 -0.325305 0 -0.549077 0.389381 0 0 0 

0.560913 0.378489 1 0.602204 -0.305775 0 -0.540529 0.391565 0 0 0 

0.590352 0.363690 1 0.575446 -0.286175 0 -0.529359 0.392206 0 0 0 

0.618468 0.349871 1 0.549309 -0.266580 0 -0.515693 0.391333 0 0 0 

0.645295 0.337030 1 0.523916 -0.247066 0 -0.499664 0.388980 0 0 0 

0.670873 0.325162 1 0.499380 -0.227706 0 -0.481413 0.385187 0 0 0 

0.695249 0.314256 1 0.475809 -0.208571 0 -0.461090 0.379997 0 0 0 

0.718472 0.304300 1 0.453303 -0.189729 0 -0.438851 0.373458 0 0 0 

0.740599 0.295277 1 0.431953 -0.171247 0 -0.414859 0.365620 0 0 0 

0.761688 0.287168 1 0.411843 -0.153187 0 -0.389283 0.356539 0 0 0 

0.781805 0.279950 1 0.393048 -0.135612 0 -0.362295 0.346273 0 0 0 

0.801016 0.273598 1 0.375634 -0.118579 0 -0.334073 0.334882 0 0 0 

0.819392 0.268083 1 0.359659 -0.102142 0 -0.304797 0.322432 0 0 0 

0.837007 0.263373 1 0.345169 -0.086352 0 -0.274651 0.308987 0 0 0 

0.853935 0.259436 1 0.332205 -0.071258 0 -0.243822 0.294619 0 0 0 

0.870253 0.256235 1 0.320795 -0.056905 0 -0.212496 0.279397 0 0 0 

0.886040 0.253732 1 0.310960 -0.043332 0 -0.180862 0.263394 0 0 0 

0.901375 0.251888 1 0.302711 -0.030577 0 -0.149107 0.246685 0 0 0 

0.916338 0.250660 1 0.296049 -0.018674 0 -0.117419 0.229347 0 0 0 

0.931007 0.250006 1 0.290965 -0.007652 0 -0.085984 0.211455 0 0 0 

0.945460 0.249880 1 0.287443 0.002464 0 -0.054986 0.193089 0 0 0 

0.959777 0.250237 1 0.285456 0.011651 0 -0.024607 0.174326 0 0 0 

0.974031 0.251029 1 0.284969 0.019891 0 0.004974 0.155246 0 0 0 

0.988298 0.252210 1 0.285937 0.027171 0 0.033585 0.135928 0 0 0 

1.002648 0.253730 1 0.288309 0.033481 0 0.061056 0.116451 0 0 0 

1.017151 0.255542 1 0.292021 0.038815 0 0.087223 0.096894 0 0 0 

1.031872 0.257595 1 0.297006 0.043171 0 0.111928 0.077334 0 0 0 

1.046872 0.259843 1 0.303187 0.046550 0 0.135021 0.057850 0 0 0 

1.062209 0.262234 1 0.310479 0.048958 0 0.156358 0.038518 0 0 0 

1.077936 0.264722 1 0.318791 0.050405 0 0.175804 0.019412 0 0 0 

1.094103 0.267259 1 0.328026 0.050904 0 0.193233 0.000606 0 0 0 

1.110753 0.269797 1 0.338079 0.050472 0 0.208528 -0.017827 0 0 0 

1.127923 0.272291 1 0.348841 0.049129 0 0.221584 -0.035819 0 0 0 

1.145647 0.274695 1 0.360199 0.046899 0 0.232304 -0.053302 0 0 0 

1.163951 0.276967 1 0.372032 0.043808 0 0.240606 -0.070212 0 0 0 

1.182856 0.279062 1 0.384218 0.039888 0 0.246417 -0.086485 0 0 0 

1.202376 0.280942 1 0.396631 0.035171 0 0.249680 -0.102063 0 0 0 

1.222521 0.282567 1 0.409142 0.029694 0 0.250349 -0.116890 0 0 0 

1.243290 0.283900 1 0.421622 0.023496 0 0.248396 -0.130914 0 0 0 

1.264680 0.284905 1 0.433938 0.016617 0 0.243804 -0.144085 0 0 0 

1.286679 0.285551 1 0.445958 0.009102 0 0.236575 -0.156360 0 0 0 

1.309269 0.285805 1 0.457552 0.000997 0 0.226726 -0.167697 0 0 0 

1.332425 0.285641 1 0.468588 -0.007651 0 0.214291 -0.178062 0 0 0 

1.356116 0.285032 1 0.478939 -0.016793 0 0.199323 -0.187421 0 0 0 

1.380305 0.283955 1 0.488479 -0.026376 0 0.181892 -0.195750 0 0 0 

1.404948 0.282388 1 0.497088 -0.036350 0 0.162089 -0.203027 0 0 0 

1.429997 0.280314 1 0.504650 -0.046661 0 0.140024 -0.209236 0 0 0 

1.455394 0.277717 1 0.511055 -0.057256 0 0.115826 -0.214367 0 0 0 

1.481081 0.274585 1 0.516200 -0.068080 0 0.089640 -0.218414 0 0 0 

1.506992 0.270906 1 0.519989 -0.079079 0 0.061629 -0.221377 0 0 0 

1.533056 0.266675 1 0.522335 -0.090199 0 0.031969 -0.223262 0 0 0 

1.559200 0.261885 1 0.523161 -0.101387 0 0.000851 -0.224076 0 0 0 

1.585346 0.256536 1 0.522399 -0.112589 0 -0.031527 -0.223834 0 0 0 

1.611412 0.250627 1 0.519991 -0.123753 0 -0.064953 -0.222553 0 0 0 

1.637316 0.244162 1 0.515890 -0.134828 0 -0.099209 -0.220255 0 0 0 

1.662972 0.237146 1 0.510060 -0.145762 0 -0.134072 -0.216966 0 0 0 

1.688293 0.229589 1 0.502477 -0.156508 0 -0.169310 -0.212715 0 0 0 

1.713191 0.221500 1 0.493127 -0.167018 0 -0.204693 -0.207535 0 0 0 

1.737576 0.212892 1 0.482009 -0.177247 0 -0.239984 -0.201462 0 0 0 

1.761362 0.203780 1 0.469134 -0.187150 0 -0.274949 -0.194535 0 0 0 

1.784461 0.194183 1 0.454523 -0.196687 0 -0.309356 -0.186796 0 0 0 

1.806786 0.184118 1 0.438211 -0.205817 0 -0.342973 -0.178289 0 0 0 

1.828254 0.173608 1 0.420243 -0.214504 0 -0.375575 -0.169062 0 0 0 

1.848784 0.162676 1 0.400674 -0.222712 0 -0.406942 -0.159165 0 0 0 

1.868296 0.151346 1 0.379573 -0.230410 0 -0.436861 -0.148648 0 0 0 

1.886717 0.139644 1 0.357016 -0.237568 0 -0.465132 -0.137565 0 0 0 

1.903975 0.127598 1 0.333090 -0.244158 0 -0.491560 -0.125972 0 0 0 

1.920005 0.115238 1 0.307893 -0.250157 0 -0.515968 -0.113924 0 0 0 

1.934745 0.102593 1 0.281530 -0.255544 0 -0.538189 -0.101481 0 0 0 

1.948140 0.089694 1 0.254114 -0.260300 0 -0.558074 -0.088701 0 0 0 

1.960141 0.076574 1 0.225764 -0.264409 0 -0.575489 -0.075645 0 0 0 

1.970703 0.063264 1 0.196608 -0.267861 0 -0.590321 -0.062373 0 0 0 

1.979790 0.049799 1 0.166776 -0.270644 0 -0.602476 -0.048948 0 0 0 

1.987372 0.036211 1 0.136406 -0.272754 0 -0.611882 -0.035430 0 0 0 

1.993424 0.022535 1 0.105635 -0.274187 0 -0.618490 -0.021882 0 0 0 

1.997931 0.008804 1 0.074604 -0.274943 0 -0.622276 -0.008365 0 0 0 

2.000883 -0.004948 1 0.043454 -0.275025 0 -0.623245 0.005057 0 0 0 

2.002277 -0.018688 1 0.012326 -0.274439 0 -0.621426 0.018324 0 0 0 

2.002118 -0.032381 1 -0.018643 -0.273196 0 -0.616880 0.031374 0 0 0 

2.000417 -0.045997 1 -0.049318 -0.271307 0 -0.609690 0.044149 0 0 0 

1.997193 -0.059501 1 -0.079570 -0.268787 0 -0.599965 0.056588 0 0 0 

1.992470 -0.072865 1 -0.109274 -0.265654 0 -0.587837 0.068635 0 0 0 

1.986277 -0.086057 1 -0.138316 -0.261931 0 -0.573455 0.080233 0 0 0 

1.978651 -0.099049 1 -0.166585 -0.257639 0 -0.556985 0.091327 0 0 0 

1.969633 -0.111812 1 -0.193982 -0.252807 0 -0.538608 0.101867 0 0 0 

1.959269 -0.124321 1 -0.220417 -0.247463 0 -0.518518 0.111801 0 0 0 

1.947608 -0.136550 1 -0.245809 -0.241638 0 -0.496919 0.121083 0 0 0 

1.934706 -0.148477 1 -0.270088 -0.235366 0 -0.474022 0.129669 0 0 0 

1.920619 -0.160080 1 -0.293193 -0.228683 0 -0.450045 0.137516 0 0 0 

1.905407 -0.171339 1 -0.315078 -0.221627 0 -0.425207 0.144586 0 0 0 

1.889132 -0.182237 1 -0.335703 -0.214238 0 -0.399732 0.150845 0 0 0 

1.871858 -0.192758 1 -0.355044 -0.206557 0 -0.373839 0.156263 0 0 0 

1.853650 -0.202889 1 -0.373084 -0.198626 0 -0.347744 0.160811 0 0 0 

1.834572 -0.212617 1 -0.389818 -0.190491 0 -0.321659 0.164468 0 0 0 

1.814690 -0.221935 1 -0.405253 -0.182195 0 -0.295786 0.167215 0 0 0 

1.794068 -0.230835 1 -0.419404 -0.173785 0 -0.270319 0.169038 0 0 0 

1.772770 -0.239312 1 -0.432295 -0.165307 0 -0.245437 0.169931 0 0 0 

1.750859 -0.247365 1 -0.443960 -0.156807 0 -0.221305 0.169888 0 0 0 

1.728394 -0.254994 1 -0.454440 -0.148333 0 -0.198071 0.168914 0 0 0 

1.705434 -0.262200 1 -0.463784 -0.139931 0 -0.175864 0.167014 0 0 0 

1.682034 -0.268989 1 -0.472046 -0.131647 0 -0.154791 0.164205 0 0 0 

1.658246 -0.275367 1 -0.479284 -0.123526 0 -0.134934 0.160505 0 0 0 

1.634121 -0.281345 1 -0.485560 -0.115611 0 -0.116355 0.155941 0 0 0 

1.609705 -0.286932 1 -0.490941 -0.107945 0 -0.099093 0.150543 0 0 0 

1.585041 -0.292144 1 -0.495492 -0.100570 0 -0.083167 0.144349 0 0 0 

1.560169 -0.296995 1 -0.499280 -0.093523 0 -0.068580 0.137399 0 0 0 

1.535125 -0.301502 1 -0.502372 -0.086842 0 -0.055313 0.129739 0 0 0 

1.509942 -0.305686 1 -0.504833 -0.080560 0 -0.043335 0.121418 0 0 0 

1.484651 -0.309566 1 -0.506726 -0.074710 0 -0.032599 0.112488 0 0 0 

1.459278 -0.313164 1 -0.508113 -0.069321 0 -0.023045 0.103005 0 0 0 

1.433847 -0.316506 1 -0.509049 -0.064418 0 -0.014600 0.093028 0 0 0 

1.408379 -0.319615 1 -0.509590 -0.060025 0 -0.007183 0.082618 0 0 0 

1.382894 -0.322517 1 -0.509783 -0.056162 0 -0.000702 0.071837 0 0 0 

1.357406 -0.325240 1 -0.509674 -0.052846 0 0.004941 0.060750 0 0 0 

1.331931 -0.327811 1 -0.509301 -0.050091 0 0.009853 0.049422 0 0 0 

1.306480 -0.330259 1 -0.508699 -0.047907 0 0.014143 0.037919 0 0 0 

1.281064 -0.332612 1 -0.507895 -0.046301 0 0.017925 0.026309 0 0 0 

1.255693 -0.334899 1 -0.506913 -0.045277 0 0.021316 0.014657 0 0 0 

1.230376 -0.337149 1 -0.505768 -0.044835 0 0.024432 0.003029 0 0 0 

1.205119 -0.339392 1 -0.504472 -0.044973 0 0.027389 -0.008509 0 0 0 

1.179931 -0.341656 1 -0.503030 -0.045683 0 0.030303 -0.019892 0 0 0 

1.154818 -0.343969 1 -0.501441 -0.046958 0 0.033285 -0.031059 0 0 0 

1.129789 -0.346361 1 -0.499699 -0.048785 0 0.036441 -0.041949 0 0 0 

1.104851 -0.348857 1 -0.497792 -0.051148 0 0.039871 -0.052504 0 0 0 

1.080013 -0.351484 1 -0.495706 -0.054029 0 0.043669 -0.062667 0 0 0 

1.055284 -0.354268 1 -0.493418 -0.057407 0 0.047920 -0.072388 0 0 0 

1.030675 -0.357233 1 -0.490905 -0.061259 0 0.052698 -0.081616 0 0 0 

1.006198 -0.360401 1 -0.488138 -0.065560 0 0.058066 -0.090308 0 0 0 

0.981866 -0.363796 1 -0.485087 -0.070280 0 0.064073 -0.098423 0 0 0 

0.957694 -0.367436 1 -0.481720 -0.075392 0 0.070757 -0.105924 0 0 0 

0.933700 -0.371341 1 -0.478000 -0.080862 0 0.078136 -0.112782 0 0 0 

0.909901 -0.375528 1 -0.473894 -0.086659 0 0.086215 -0.118970 0 0 0 

0.886317 -0.380012 1 -0.469367 -0.092748 0 0.094978 -0.124471 0 0 0 

0.862972 -0.384807 1 -0.464386 -0.099094 0 0.104391 -0.129270 0 0 0 

0.839887 -0.389925 1 -0.458918 -0.105663 0 0.114398 -0.133361 0 0 0 

0.817088 -0.395376 1 -0.452937 -0.112418 0 0.124920 -0.136746 0 0 0 

0.794602 -0.401169 1 -0.446419 -0.119326 0 0.135858 -0.139431 0 0 0 

0.772456 -0.407311 1 -0.439347 -0.126350 0 0.147092 -0.141431 0 0 0 

0.750677 -0.413805 1 -0.431708 -0.133458 0 0.158482 -0.142766 0 0 0 

0.729294 -0.420657 1 -0.423498 -0.140616 0 0.169874 -0.143462 0 0 0 

0.708337 -0.427867 1 -0.414723 -0.147794 0 0.181102 -0.143550 0 0 0 

0.687831 -0.435436 1 -0.405394 -0.154961 0 0.191987 -0.143065 0 0 0 

0.667806 -0.443363 1 -0.395533 -0.162091 0 0.202341 -0.142047 0 0 0 

0.648286 -0.451644 1 -0.385172 -0.169158 0 0.211974 -0.140537 0 0 0 

0.629297 -0.460277 1 -0.374351 -0.176138 0 0.220686 -0.138582 0 0 0 

0.610858 -0.469256 1 -0.363122 -0.183009 0 0.228280 -0.136229 0 0 0 

0.592990 -0.478576 1 -0.351545 -0.189755 0 0.234559 -0.133526 0 0 0 

0.575708 -0.488229 1 -0.339691 -0.196357 0 0.239327 -0.130525 0 0 0 

0.559024 -0.498209 1 -0.327641 -0.202803 0 0.242396 -0.127277 0 0 0 

0.542946 -0.508507 1 -0.315483 -0.209082 0 0.243584 -0.123833 0 0 0 

0.527476 -0.519114 1 -0.303316 -0.215184 0 0.242720 -0.120243 0 0 0 

0.512613 -0.530022 1 -0.291248 -0.221104 0 0.239646 -0.116558 0 0 0 

0.498348 -0.541222 1 -0.279391 -0.226839 0 0.234217 -0.112825 0 0 0 

0.484668 -0.552703 1 -0.267867 -0.232387 0 0.226308 -0.109091 0 0 0 

0.471554 -0.564457 1 -0.256803 -0.237749 0 0.215811 -0.105399 0 0 0 

0.458978 -0.576475 1 -0.246331 -0.242928 0 0.202641 -0.101789 0 0 0 

0.446908 -0.588747 1 -0.236585 -0.247930 0 0.186736 -0.098299 0 0 0 

0.435305 -0.601265 1 -0.227703 -0.252760 0 0.168063 -0.094960 0 0 0 

0.424121 -0.614020 1 -0.219825 -0.257429 0 0.146616 -0.091800 0 0 0 

0.413304 -0.627005 1 -0.213088 -0.261944 0 0.122420 -0.088842 0 0 0 

0.402791 -0.640212 1 -0.207628 -0.266316 0 0.095534 -0.086101 0 0 0 

0.392517 -0.653635 1 -0.203577 -0.270558 0 0.066053 -0.083588 0 0 0 

0.382408 -0.667266 1 -0.201063 -0.274679 0 0.034110 -0.081306 0 0 0 

0.372383 -0.681101 1 -0.200205 -0.278692 0 -0.000124 -0.079251 0 0 0 

0.362358 -0.695134 1 -0.201111 -0.282608 0 -0.036444 -0.077412 0 0 0 

0.352241 -0.709360 1 -0.203880 -0.286437 0 -0.074613 -0.075774 0 0 0 

0.341938 -0.723776 1 -0.208598 -0.290188 0 -0.114365 -0.074314 0 0 0 

0.331348 -0.738378 1 -0.215338 -0.293871 0 -0.155406 -0.073006 0 0 0 

0.320369 -0.753162 1 -0.224155 -0.297491 0 -0.197422 -0.071818 0 0 0 

0.308897 -0.768126 1 -0.235091 -0.301054 0 -0.240076 -0.070716 0 0 0 

0.296824 -0.783267 1 -0.248168 -0.304563 0 -0.283014 -0.069660 0 0 0 

0.284044 -0.798581 1 -0.263391 -0.308020 0 -0.325867 -0.068610 0 0 0 

0.270450 -0.814068 1 -0.280747 -0.311423 0 -0.368257 -0.067520 0 0 0 

0.255935 -0.829723 1 -0.300202 -0.314771 0 -0.409795 -0.066345 0 0 0 

0.240395 -0.845544 1 -0.321705 -0.318056 0 -0.450085 -0.065037 0 0 0 

0.223731 -0.861527 1 -0.345183 -0.321271 0 -0.488730 -0.063546 0 0 0 

0.205846 -0.877670 1 -0.370544 -0.324406 0 -0.525334 -0.061825 0 0 0 

0.186647 -0.893966 1 -0.397676 -0.327449 0 -0.559500 -0.059824 0 0 0 

0.166051 -0.910413 1 -0.426447 -0.330383 0 -0.590842 -0.057494 0 0 0 

0.143978 -0.927003 1 -0.456707 -0.333192 0 -0.618977 -0.054786 0 0 0 

0.120358 -0.943729 1 -0.488285 -0.335855 0 -0.643538 -0.051656 0 0 0 

0.095130 -0.960585 1 -0.520995 -0.338350 0 -0.664171 -0.048058 0 0 0 

0.068243 -0.977561 1 -0.554631 -0.340652 0 -0.680539 -0.043950 0 0 0 

0.039655 -0.994647 1 -0.588973 -0.342736 0 -0.692325 -0.039295 0 0 0 

0.009338 -1.011831 1 -0.623783 -0.344572 0 -0.699237 -0.034055 0 0 0 

-0.022727 -1.029100 1 -0.658811 -0.346131 0 -0.701006 -0.028200 0 0 0 

-0.056542 -1.046439 1 -0.693794 -0.347381 0 -0.697396 -0.021702 0 0 0 

-0.092101 -1.063832 1 -0.728457 -0.348290 0 -0.688200 -0.014539 0 0 0 

-0.129378 -1.081261 1 -0.762518 -0.348824 0 -0.673247 -0.006695 0 0 0 

-0.168337 -1.098708 1 -0.795684 -0.348948 0 -0.652403 0.001841 0 0 0 

-0.208927 -1.116149 1 -0.827658 -0.348628 0 -0.625575 0.011074 0 0 0 

-0.251078 -1.133562 1 -0.858140 -0.347829 0 -0.592714 0.021001 0 0 0 

-0.294711 -1.150923 1 -0.886829 -0.346517 0 -0.553816 0.031612 0 0 0 

-0.339726 -1.168205 1 -0.913422 -0.344657 0 -0.508929 0.042890 0 0 0 

-0.386013 -1.185379 1 -0.937624 -0.342217 0 -0.458151 0.054808 0 0 0 

-0.433444 -1.202416 1 -0.959142 -0.339166 0 -0.401636 0.067330 0 0 0 

-0.481878 -1.219285 1 -0.977695 -0.335475 0 -0.339596 0.080413 0 0 0 

-0.531160 -1.235953 1 -0.993014 -0.331116 0 -0.272303 0.094002 0 0 0 

-0.581121 -1.252385 1 -1.004843 -0.326067 0 -0.200094 0.108031 0 0 0 

-0.631582 -1.268548 1 -1.012948 -0.320307 0 -0.123374 0.122426 0 0 0 

-0.682350 -1.284404 1 -1.017113 -0.313820 0 -0.042615 0.137099 0 0 0 

-0.733224 -1.299917 1 -1.017151 -0.306594 0 0.041637 0.151951 0 0 0 

-0.783994 -1.315051 1 -1.012902 -0.298624 0 0.128761 0.166870 0 0 0 

-0.834441 -1.329767 1 -1.004239 -0.289908 0 0.218056 0.181733 0 0 0 

-0.884343 -1.344029 1 -0.991073 -0.280453 0 0.308742 0.196402 0 0 0 

-0.933472 -1.357800 1 -0.973356 -0.270274 0 0.399953 0.210725 0 0 0 

-0.981602 -1.371045 1 -0.951085 -0.259389 0 0.490737 0.224536 0 0 0 

-1.028506 -1.383728 1 -0.924306 -0.247831 0 0.580052 0.237655 0 0 0 

-1.073959 -1.395817 1 -0.893123 -0.235639 0 0.666761 0.249886 0 0 0 

-1.117747 -1.407282 1 -0.857694 -0.222861 0 0.749634 0.261016 0 0 0 

-1.159662 -1.418095 1 -0.818245 -0.209559 0 0.827342 0.270818 0 0 0 

-1.199509 -1.428231 1 -0.775070 -0.195806 0 0.898470 0.279050 0 0 0 

-1.237113 -1.437669 1 -0.728532 -0.181685 0 0.961562 0.285464 0 0 0 

-1.272314 -1.446395 1 -0.679072 -0.167294 0 1.015164 0.289817 0 0 0 

-1.304980 -1.454396 1 -0.627197 -0.152741 0 1.057880 0.291878 0 0 0 

-1.335003 -1.461668 1 -0.573487 -0.138147 0 1.088418 0.291438 0 0 0 

-1.362308 -1.468212 1 -0.518578 -0.123642 0 1.105638 0.288322 0 0 0 

-1.386852 -1.474036 1 -0.463161 -0.109362 0 1.108605 0.282394 0 0 0 

-1.408628 -1.479154 1 -0.407966 -0.095451 0 1.096637 0.273570 0 0 0 

-1.427665 -1.483590 1 -0.353752 -0.082054 0 1.069351 0.261826 0 0 0 

-1.444032 -1.487371 1 -0.301287 -0.069316 0 1.026719 0.247208 0 0 0 

-1.457836 -1.490535 1 -0.251330 -0.057379 0 0.969113 0.229841 0 0 0 

-1.469219 -1.493124 1 -0.204612 -0.046374 0 0.897354 0.209939 0 0 0 

-1.478362 -1.495190 1 -0.161809 -0.036422 0 0.812765 0.187813 0 0 0 

-1.485476 -1.496786 1 -0.123519 -0.027623 0 0.717215 0.163882 0 0 0 

-1.490798 -1.497972 1 -0.090229 -0.020055 0 0.613175 0.138683 0 0 0 

-1.494588 -1.498813 1 -0.062291 -0.013765 0 0.503763 0.112876 0 0 0 

-1.497119 -1.499370 1 -0.039879 -0.008764 0 0.392793 0.087261 0 0 0 

-1.498667 -1.499710 1 -0.022962 -0.005020 0 0.284828 0.062780 0 0 0 

-1.499502 -1.499892 1 -0.011258 -0.002449 0 0.185225 0.040532 0 0 0 

-1.499871 -1.499972 1 -0.004197 -0.000909 0 0.100189 0.021778 0 0 0 

-1.499984 -1.499997 1 -0.000878 -0.000189 0 0.036818 0.007954 0 0 0 

