-1.5 -1.5 1.000 0 0 0.000 0 0 0.000 0 0 
-1.5 -1.5 1.000 0 0 -0.006 0 0 -0.250 0 0 
-1.5 -1.5 0.999 0 0 -0.025 0 0 -0.500 0 0 
-1.5 -1.5 0.997 0 0 -0.050 0 0 -0.500 0 0 
-1.5 -1.5 0.994 0 0 -0.075 0 0 -0.500 0 0 
-1.5 -1.5 0.990 0 0 -0.100 0 0 -0.500 0 0 
-1.5 -1.5 0.984 0 0 -0.125 0 0 -0.500 0 0 
-1.5 -1.5 0.977 0 0 -0.150 0 0 -0.500 0 0 
-1.5 -1.5 0.969 0 0 -0.175 0 0 -0.500 0 0 
-1.5 -1.5 0.960 0 0 -0.200 0 0 -0.500 0 0 
-1.5 -1.5 0.949 0 0 -0.225 0 0 -0.500 0 0 
-1.5 -1.5 0.937 0 0 -0.250 0 0 -0.500 0 0 
-1.5 -1.5 0.924 0 0 -0.275 0 0 -0.500 0 0 
-1.5 -1.5 0.910 0 0 -0.300 0 0 -0.500 0 0 
-1.5 -1.5 0.894 0 0 -0.325 0 0 -0.500 0 0 
-1.5 -1.5 0.877 0 0 -0.350 0 0 -0.500 0 0 
-1.5 -1.5 0.859 0 0 -0.375 0 0 -0.500 0 0 
-1.5 -1.5 0.840 0 0 -0.400 0 0 -0.500 0 0 
-1.5 -1.5 0.819 0 0 -0.425 0 0 -0.500 0 0 
-1.5 -1.5 0.797 0 0 -0.450 0 0 -0.500 0 0 
-1.5 -1.5 0.774 0 0 -0.475 0 0 -0.500 0 0 
-1.5 -1.5 0.750 0 0 -0.494 0 0 -0.250 0 0 
-1.5 -1.5 0.725 0 0 -0.500 0 0 0.000 0 0 
-1.5 -1.5 0.700 0 0 -0.500 0 0 0.000 0 0 
-1.5 -1.5 0.675 0 0 -0.500 0 0 0.000 0 0 
-1.5 -1.5 0.650 0 0 -0.500 0 0 0.000 0 0 
-1.5 -1.5 0.625 0 0 -0.500 0 0 0.000 0 0 
-1.5 -1.5 0.600 0 0 -0.500 0 0 0.000 0 0 
-1.5 -1.5 0.575 0 0 -0.500 0 0 0.000 0 0 
-1.5 -1.5 0.550 0 0 -0.500 0 0 0.000 0 0 
-1.5 -1.5 0.525 0 0 -0.500 0 0 0.000 0 0 
-1.5 -1.5 0.500 0 0 -0.500 0 0 0.000 0 0 
-1.5 -1.5 0.475 0 0 -0.500 0 0 0.000 0 0 
-1.5 -1.5 0.450 0 0 -0.500 0 0 0.000 0 0 
-1.5 -1.5 0.425 0 0 -0.500 0 0 0.000 0 0 
-1.5 -1.5 0.400 0 0 -0.500 0 0 0.000 0 0 
-1.5 -1.5 0.375 0 0 -0.500 0 0 0.000 0 0 
-1.5 -1.5 0.350 0 0 -0.500 0 0 0.000 0 0 
-1.5 -1.5 0.325 0 0 -0.500 0 0 0.000 0 0 
-1.5 -1.5 0.300 0 0 -0.500 0 0 0.000 0 0 
-1.5 -1.5 0.275 0 0 -0.500 0 0 0.000 0 0 
-1.5 -1.5 0.250 0 0 -0.500 0 0 0.000 0 0 
-1.5 -1.5 0.225 0 0 -0.500 0 0 0.000 0 0 
-1.5 -1.5 0.200 0 0 -0.500 0 0 0.000 0 0 
-1.5 -1.5 0.175 0 0 -0.500 0 0 0.000 0 0 
-1.5 -1.5 0.150 0 0 -0.499 0 0 0.081 0 0 
-1.5 -1.5 0.125 0 0 -0.489 0 0 0.331 0 0 
-1.5 -1.5 0.101 0 0 -0.466 0 0 0.581 0 0 
-1.5 -1.5 0.079 0 0 -0.431 0 0 0.831 0 0 
-1.5 -1.5 0.058 0 0 -0.383 0 0 1.081 0 0 
-1.5 -1.5 0.041 0 0 -0.323 0 0 1.331 0 0 
-1.5 -1.5 0.026 0 0 -0.250 0 0 1.581 0 0 
-1.5 -1.5 0.016 0 0 -0.177 0 0 1.331 0 0 
-1.5 -1.5 0.008 0 0 -0.117 0 0 1.081 0 0 
-1.5 -1.5 0.004 0 0 -0.069 0 0 0.831 0 0 
-1.5 -1.5 0.001 0 0 -0.034 0 0 0.581 0 0 
-1.5 -1.5 0.000 0 0 -0.011 0 0 0.331 0 0 
-1.5 -1.5 -0.000 0 0 -0.001 0 0 0.081 0 0 
