-1.500 1.500 0.000 0.000 0.000 0.000 0.000 0.000 0.000 0.000 0.000
-1.500 1.500 0.000 0.000 0.000 0.006 0.000 0.000 0.250 0.000 0.000
-1.500 1.500 0.001 0.000 0.000 0.025 0.000 0.000 0.500 0.000 0.000
-1.500 1.500 0.003 0.000 0.000 0.056 0.000 0.000 0.750 0.000 0.000
-1.500 1.500 0.007 0.000 0.000 0.100 0.000 0.000 1.000 0.000 0.000
-1.500 1.500 0.013 0.000 0.000 0.156 0.000 0.000 1.250 0.000 0.000
-1.500 1.500 0.023 0.000 0.000 0.225 0.000 0.000 1.500 0.000 0.000
-1.500 1.500 0.036 0.000 0.000 0.301 0.000 0.000 1.412 0.000 0.000
-1.500 1.500 0.052 0.000 0.000 0.365 0.000 0.000 1.162 0.000 0.000
-1.500 1.500 0.072 0.000 0.000 0.417 0.000 0.000 0.912 0.000 0.000
-1.500 1.500 0.094 0.000 0.000 0.456 0.000 0.000 0.662 0.000 0.000
-1.500 1.500 0.117 0.000 0.000 0.483 0.000 0.000 0.412 0.000 0.000
-1.500 1.500 0.142 0.000 0.000 0.497 0.000 0.000 0.162 0.000 0.000
-1.500 1.500 0.167 0.000 0.000 0.500 0.000 0.000 0.000 0.000 0.000
-1.500 1.500 0.192 0.000 0.000 0.500 0.000 0.000 0.000 0.000 0.000
-1.500 1.500 0.217 0.000 0.000 0.500 0.000 0.000 0.000 0.000 0.000
-1.500 1.500 0.242 0.000 0.000 0.500 0.000 0.000 0.000 0.000 0.000
-1.500 1.500 0.267 0.000 0.000 0.500 0.000 0.000 0.000 0.000 0.000
-1.500 1.500 0.292 0.000 0.000 0.500 0.000 0.000 0.000 0.000 0.000
-1.500 1.500 0.317 0.000 0.000 0.500 0.000 0.000 0.000 0.000 0.000
-1.500 1.500 0.342 0.000 0.000 0.500 0.000 0.000 0.000 0.000 0.000
-1.500 1.500 0.367 0.000 0.000 0.500 0.000 0.000 0.000 0.000 0.000
-1.500 1.500 0.392 0.000 0.000 0.500 0.000 0.000 0.000 0.000 0.000
-1.500 1.500 0.417 0.000 0.000 0.500 0.000 0.000 0.000 0.000 0.000
-1.500 1.500 0.442 0.000 0.000 0.500 0.000 0.000 0.000 0.000 0.000
-1.500 1.500 0.467 0.000 0.000 0.500 0.000 0.000 0.000 0.000 0.000
-1.500 1.500 0.492 0.000 0.000 0.500 0.000 0.000 0.000 0.000 0.000
-1.500 1.500 0.517 0.000 0.000 0.500 0.000 0.000 0.000 0.000 0.000
-1.500 1.500 0.542 0.000 0.000 0.500 0.000 0.000 0.000 0.000 0.000
-1.500 1.500 0.567 0.000 0.000 0.500 0.000 0.000 0.000 0.000 0.000
-1.500 1.500 0.592 0.000 0.000 0.500 0.000 0.000 0.000 0.000 0.000
-1.500 1.500 0.617 0.000 0.000 0.500 0.000 0.000 0.000 0.000 0.000
-1.500 1.500 0.642 0.000 0.000 0.500 0.000 0.000 0.000 0.000 0.000
-1.500 1.500 0.667 0.000 0.000 0.500 0.000 0.000 0.000 0.000 0.000
-1.500 1.500 0.692 0.000 0.000 0.500 0.000 0.000 0.000 0.000 0.000
-1.500 1.500 0.717 0.000 0.000 0.500 0.000 0.000 0.000 0.000 0.000
-1.500 1.500 0.742 0.000 0.000 0.497 0.000 0.000 -0.169 0.000 0.000
-1.500 1.500 0.766 0.000 0.000 0.482 0.000 0.000 -0.419 0.000 0.000
-1.500 1.500 0.790 0.000 0.000 0.458 0.000 0.000 -0.500 0.000 0.000
-1.500 1.500 0.812 0.000 0.000 0.433 0.000 0.000 -0.500 0.000 0.000
-1.500 1.500 0.833 0.000 0.000 0.408 0.000 0.000 -0.500 0.000 0.000
-1.500 1.500 0.853 0.000 0.000 0.383 0.000 0.000 -0.500 0.000 0.000
-1.500 1.500 0.872 0.000 0.000 0.358 0.000 0.000 -0.500 0.000 0.000
-1.500 1.500 0.889 0.000 0.000 0.333 0.000 0.000 -0.500 0.000 0.000
-1.500 1.500 0.905 0.000 0.000 0.308 0.000 0.000 -0.500 0.000 0.000
-1.500 1.500 0.920 0.000 0.000 0.283 0.000 0.000 -0.500 0.000 0.000
-1.500 1.500 0.933 0.000 0.000 0.258 0.000 0.000 -0.500 0.000 0.000
-1.500 1.500 0.945 0.000 0.000 0.233 0.000 0.000 -0.500 0.000 0.000
-1.500 1.500 0.956 0.000 0.000 0.208 0.000 0.000 -0.500 0.000 0.000
-1.500 1.500 0.966 0.000 0.000 0.183 0.000 0.000 -0.500 0.000 0.000
-1.500 1.500 0.975 0.000 0.000 0.158 0.000 0.000 -0.500 0.000 0.000
-1.500 1.500 0.982 0.000 0.000 0.133 0.000 0.000 -0.500 0.000 0.000
-1.500 1.500 0.988 0.000 0.000 0.108 0.000 0.000 -0.500 0.000 0.000
-1.500 1.500 0.993 0.000 0.000 0.083 0.000 0.000 -0.500 0.000 0.000
-1.500 1.500 0.996 0.000 0.000 0.058 0.000 0.000 -0.500 0.000 0.000
-1.500 1.500 0.999 0.000 0.000 0.033 0.000 0.000 -0.500 0.000 0.000
-1.500 1.500 1.000 0.000 0.000 0.011 0.000 0.000 -0.331 0.000 0.000
-1.500 1.500 1.000 0.000 0.000 0.001 0.000 0.000 -0.081 0.000 0.000
-1.500 1.500 1.000 -0.000 0.000 0.000 -0.000 -0.000 0.000 0.000 0.000
-1.500 1.500 1.000 0.000 -0.000 0.000 0.003 -0.001 0.000 0.000 0.000
-1.500 1.500 1.000 0.000 -0.000 0.000 0.011 -0.005 0.000 0.000 0.000
-1.500 1.500 1.000 0.001 -0.001 0.000 0.023 -0.011 0.000 0.000 0.000
-1.500 1.500 1.000 0.003 -0.001 0.000 0.039 -0.019 0.000 0.000 0.000
-1.500 1.500 1.000 0.005 -0.002 0.000 0.059 -0.028 0.000 0.000 0.000
-1.499 1.500 1.000 0.009 -0.004 0.000 0.081 -0.039 0.000 0.000 0.000
-1.499 1.499 1.000 0.013 -0.006 0.000 0.106 -0.050 0.000 0.000 0.000
-1.498 1.499 1.000 0.019 -0.009 0.000 0.132 -0.063 0.000 0.000 0.000
-1.497 1.498 1.000 0.027 -0.013 0.000 0.160 -0.076 0.000 0.000 0.000
-1.495 1.498 1.000 0.035 -0.017 0.000 0.189 -0.090 0.000 0.000 0.000
-1.493 1.497 1.000 0.046 -0.022 0.000 0.218 -0.104 0.000 0.000 0.000
-1.491 1.496 1.000 0.057 -0.027 0.000 0.247 -0.118 0.000 0.000 0.000
-1.488 1.494 1.000 0.070 -0.033 0.000 0.276 -0.132 0.000 0.000 0.000
-1.484 1.492 1.000 0.085 -0.040 0.000 0.305 -0.145 0.000 0.000 0.000
-1.479 1.490 1.000 0.101 -0.048 0.000 0.333 -0.159 0.000 0.000 0.000
-1.474 1.487 1.000 0.118 -0.056 0.000 0.360 -0.172 0.000 0.000 0.000
-1.467 1.484 1.000 0.137 -0.065 0.000 0.385 -0.184 0.000 0.000 0.000
-1.460 1.481 1.000 0.157 -0.075 0.000 0.409 -0.196 0.000 0.000 0.000
-1.452 1.477 1.000 0.178 -0.085 0.000 0.432 -0.207 0.000 0.000 0.000
-1.442 1.472 1.000 0.200 -0.095 0.000 0.453 -0.217 0.000 0.000 0.000
-1.432 1.467 1.000 0.223 -0.106 0.000 0.472 -0.227 0.000 0.000 0.000
-1.420 1.462 1.000 0.247 -0.118 0.000 0.489 -0.235 0.000 0.000 0.000
-1.407 1.456 1.000 0.272 -0.130 0.000 0.504 -0.242 0.000 0.000 0.000
-1.393 1.449 1.000 0.297 -0.142 0.000 0.516 -0.249 0.000 0.000 0.000
-1.377 1.441 1.000 0.323 -0.155 0.000 0.526 -0.254 0.000 0.000 0.000
-1.360 1.433 1.000 0.350 -0.168 0.000 0.535 -0.258 0.000 0.000 0.000
-1.342 1.425 1.000 0.377 -0.181 0.000 0.540 -0.261 0.000 0.000 0.000
-1.323 1.415 1.000 0.404 -0.194 0.000 0.544 -0.263 0.000 0.000 0.000
-1.302 1.405 1.000 0.431 -0.207 0.000 0.545 -0.264 0.000 0.000 0.000
-1.280 1.395 1.000 0.458 -0.220 0.000 0.544 -0.264 0.000 0.000 0.000
-1.256 1.383 1.000 0.485 -0.233 0.000 0.540 -0.263 0.000 0.000 0.000
-1.231 1.371 1.000 0.512 -0.246 0.000 0.534 -0.260 0.000 0.000 0.000
-1.205 1.359 1.000 0.539 -0.259 0.000 0.527 -0.257 0.000 0.000 0.000
-1.177 1.345 1.000 0.565 -0.272 0.000 0.517 -0.253 0.000 0.000 0.000
-1.148 1.331 1.000 0.590 -0.285 0.000 0.505 -0.247 0.000 0.000 0.000
-1.118 1.317 1.000 0.615 -0.297 0.000 0.491 -0.241 0.000 0.000 0.000
-1.087 1.302 1.000 0.639 -0.309 0.000 0.475 -0.233 0.000 0.000 0.000
-1.054 1.286 1.000 0.663 -0.320 0.000 0.458 -0.225 0.000 0.000 0.000
-1.021 1.270 1.000 0.685 -0.331 0.000 0.439 -0.216 0.000 0.000 0.000
-0.986 1.253 1.000 0.707 -0.342 0.000 0.418 -0.207 0.000 0.000 0.000
-0.950 1.236 1.000 0.727 -0.352 0.000 0.397 -0.196 0.000 0.000 0.000
-0.913 1.218 1.000 0.746 -0.361 0.000 0.373 -0.185 0.000 0.000 0.000
-0.875 1.199 1.000 0.764 -0.370 0.000 0.349 -0.173 0.000 0.000 0.000
-0.837 1.181 1.000 0.781 -0.379 0.000 0.324 -0.161 0.000 0.000 0.000
-0.797 1.162 1.000 0.797 -0.386 0.000 0.298 -0.148 0.000 0.000 0.000
-0.757 1.142 1.000 0.811 -0.393 0.000 0.271 -0.135 0.000 0.000 0.000
-0.716 1.122 1.000 0.824 -0.400 0.000 0.244 -0.122 0.000 0.000 0.000
-0.675 1.102 1.000 0.835 -0.406 0.000 0.216 -0.108 0.000 0.000 0.000
-0.633 1.082 1.000 0.845 -0.411 0.000 0.188 -0.094 0.000 0.000 0.000
-0.590 1.061 1.000 0.854 -0.415 0.000 0.160 -0.080 0.000 0.000 0.000
-0.547 1.040 1.000 0.861 -0.419 0.000 0.132 -0.066 0.000 0.000 0.000
-0.504 1.019 1.000 0.867 -0.422 0.000 0.104 -0.051 0.000 0.000 0.000
-0.461 0.998 1.000 0.872 -0.424 0.000 0.076 -0.037 0.000 0.000 0.000
-0.417 0.977 1.000 0.875 -0.425 0.000 0.048 -0.023 0.000 0.000 0.000
-0.373 0.956 1.000 0.877 -0.426 0.000 0.021 -0.008 0.000 0.000 0.000
-0.329 0.934 1.000 0.877 -0.426 0.000 -0.006 0.006 0.000 0.000 0.000
-0.285 0.913 1.000 0.876 -0.425 0.000 -0.032 0.019 0.000 0.000 0.000
-0.242 0.892 1.000 0.874 -0.424 0.000 -0.057 0.033 0.000 0.000 0.000
-0.198 0.871 1.000 0.870 -0.422 0.000 -0.082 0.046 0.000 0.000 0.000
-0.155 0.850 1.000 0.866 -0.420 0.000 -0.105 0.059 0.000 0.000 0.000
-0.111 0.829 1.000 0.860 -0.416 0.000 -0.128 0.072 0.000 0.000 0.000
-0.069 0.808 1.000 0.853 -0.412 0.000 -0.150 0.084 0.000 0.000 0.000
-0.026 0.787 1.000 0.845 -0.408 0.000 -0.170 0.095 0.000 0.000 0.000
0.016 0.767 1.000 0.836 -0.403 0.000 -0.190 0.107 0.000 0.000 0.000
0.057 0.747 1.000 0.826 -0.397 0.000 -0.208 0.117 0.000 0.000 0.000
0.098 0.727 1.000 0.815 -0.391 0.000 -0.226 0.128 0.000 0.000 0.000
0.139 0.708 1.000 0.803 -0.385 0.000 -0.242 0.137 0.000 0.000 0.000
0.179 0.689 1.000 0.791 -0.377 0.000 -0.256 0.147 0.000 0.000 0.000
0.218 0.670 1.000 0.778 -0.370 0.000 -0.270 0.155 0.000 0.000 0.000
0.256 0.652 1.000 0.764 -0.362 0.000 -0.282 0.163 0.000 0.000 0.000
0.294 0.634 1.000 0.749 -0.354 0.000 -0.293 0.171 0.000 0.000 0.000
0.331 0.617 1.000 0.735 -0.345 0.000 -0.302 0.178 0.000 0.000 0.000
0.368 0.600 1.000 0.719 -0.336 0.000 -0.311 0.184 0.000 0.000 0.000
0.403 0.583 1.000 0.704 -0.326 0.000 -0.318 0.190 0.000 0.000 0.000
0.438 0.567 1.000 0.688 -0.317 0.000 -0.323 0.195 0.000 0.000 0.000
0.472 0.551 1.000 0.671 -0.307 0.000 -0.328 0.200 0.000 0.000 0.000
0.505 0.536 1.000 0.655 -0.297 0.000 -0.331 0.204 0.000 0.000 0.000
0.538 0.522 1.000 0.638 -0.287 0.000 -0.333 0.207 0.000 0.000 0.000
0.569 0.508 1.000 0.622 -0.276 0.000 -0.333 0.210 0.000 0.000 0.000
0.600 0.494 1.000 0.605 -0.266 0.000 -0.333 0.212 0.000 0.000 0.000
0.629 0.481 1.000 0.588 -0.255 0.000 -0.331 0.213 0.000 0.000 0.000
0.658 0.469 1.000 0.572 -0.244 0.000 -0.328 0.214 0.000 0.000 0.000
0.687 0.457 1.000 0.555 -0.234 0.000 -0.324 0.214 0.000 0.000 0.000
0.714 0.445 1.000 0.539 -0.223 0.000 -0.319 0.214 0.000 0.000 0.000
0.741 0.434 1.000 0.523 -0.212 0.000 -0.313 0.213 0.000 0.000 0.000
0.766 0.424 1.000 0.508 -0.202 0.000 -0.306 0.212 0.000 0.000 0.000
0.791 0.414 1.000 0.493 -0.191 0.000 -0.298 0.210 0.000 0.000 0.000
0.816 0.405 1.000 0.478 -0.181 0.000 -0.290 0.208 0.000 0.000 0.000
0.839 0.396 1.000 0.464 -0.170 0.000 -0.280 0.205 0.000 0.000 0.000
0.862 0.388 1.000 0.450 -0.160 0.000 -0.270 0.201 0.000 0.000 0.000
0.884 0.380 1.000 0.437 -0.150 0.000 -0.259 0.198 0.000 0.000 0.000
0.906 0.373 1.000 0.424 -0.140 0.000 -0.247 0.193 0.000 0.000 0.000
0.927 0.366 1.000 0.412 -0.131 0.000 -0.235 0.188 0.000 0.000 0.000
0.947 0.360 1.000 0.401 -0.121 0.000 -0.222 0.183 0.000 0.000 0.000
0.967 0.354 1.000 0.390 -0.112 0.000 -0.209 0.178 0.000 0.000 0.000
0.986 0.349 1.000 0.380 -0.104 0.000 -0.195 0.172 0.000 0.000 0.000
1.005 0.344 1.000 0.371 -0.095 0.000 -0.181 0.165 0.000 0.000 0.000
1.023 0.339 1.000 0.362 -0.087 0.000 -0.167 0.159 0.000 0.000 0.000
1.041 0.335 1.000 0.354 -0.079 0.000 -0.152 0.152 0.000 0.000 0.000
1.059 0.331 1.000 0.347 -0.072 0.000 -0.138 0.144 0.000 0.000 0.000
1.076 0.328 1.000 0.340 -0.065 0.000 -0.123 0.137 0.000 0.000 0.000
1.093 0.325 1.000 0.334 -0.058 0.000 -0.108 0.129 0.000 0.000 0.000
1.109 0.322 1.000 0.329 -0.052 0.000 -0.094 0.121 0.000 0.000 0.000
1.126 0.319 1.000 0.325 -0.046 0.000 -0.079 0.112 0.000 0.000 0.000
1.142 0.317 1.000 0.321 -0.041 0.000 -0.065 0.104 0.000 0.000 0.000
1.158 0.315 1.000 0.319 -0.036 0.000 -0.051 0.095 0.000 0.000 0.000
1.174 0.314 1.000 0.316 -0.031 0.000 -0.038 0.086 0.000 0.000 0.000
1.189 0.312 1.000 0.315 -0.027 0.000 -0.025 0.077 0.000 0.000 0.000
1.205 0.311 1.000 0.314 -0.024 0.000 -0.012 0.068 0.000 0.000 0.000
1.221 0.310 1.000 0.314 -0.020 0.000 0.000 0.059 0.000 0.000 0.000
1.236 0.309 1.000 0.314 -0.018 0.000 0.012 0.049 0.000 0.000 0.000
1.252 0.308 1.000 0.315 -0.016 0.000 0.022 0.040 0.000 0.000 0.000
1.268 0.307 1.000 0.316 -0.014 0.000 0.032 0.031 0.000 0.000 0.000
1.284 0.307 1.000 0.318 -0.012 0.000 0.042 0.021 0.000 0.000 0.000
1.300 0.306 1.000 0.320 -0.012 0.000 0.050 0.012 0.000 0.000 0.000
1.316 0.305 1.000 0.323 -0.011 0.000 0.057 0.002 0.000 0.000 0.000
1.332 0.305 1.000 0.326 -0.011 0.000 0.064 -0.007 0.000 0.000 0.000
1.348 0.304 1.000 0.329 -0.012 0.000 0.069 -0.016 0.000 0.000 0.000
1.365 0.304 1.000 0.333 -0.013 0.000 0.074 -0.026 0.000 0.000 0.000
1.382 0.303 1.000 0.337 -0.015 0.000 0.077 -0.035 0.000 0.000 0.000
1.399 0.302 1.000 0.341 -0.017 0.000 0.079 -0.044 0.000 0.000 0.000
1.416 0.301 1.000 0.345 -0.019 0.000 0.080 -0.053 0.000 0.000 0.000
1.433 0.300 1.000 0.349 -0.022 0.000 0.080 -0.062 0.000 0.000 0.000
1.451 0.299 1.000 0.353 -0.025 0.000 0.079 -0.070 0.000 0.000 0.000
1.468 0.298 1.000 0.356 -0.029 0.000 0.076 -0.079 0.000 0.000 0.000
1.486 0.296 1.000 0.360 -0.033 0.000 0.072 -0.087 0.000 0.000 0.000
1.504 0.294 1.000 0.364 -0.038 0.000 0.067 -0.095 0.000 0.000 0.000
1.523 0.292 1.000 0.367 -0.043 0.000 0.061 -0.103 0.000 0.000 0.000
1.541 0.290 1.000 0.370 -0.048 0.000 0.053 -0.111 0.000 0.000 0.000
1.560 0.288 1.000 0.372 -0.054 0.000 0.044 -0.118 0.000 0.000 0.000
1.578 0.285 1.000 0.374 -0.060 0.000 0.034 -0.125 0.000 0.000 0.000
1.597 0.282 1.000 0.376 -0.066 0.000 0.023 -0.131 0.000 0.000 0.000
1.616 0.278 1.000 0.376 -0.073 0.000 0.011 -0.138 0.000 0.000 0.000
1.635 0.274 1.000 0.377 -0.080 0.000 -0.002 -0.144 0.000 0.000 0.000
1.653 0.270 1.000 0.376 -0.087 0.000 -0.017 -0.149 0.000 0.000 0.000
1.672 0.266 1.000 0.375 -0.095 0.000 -0.032 -0.154 0.000 0.000 0.000
1.691 0.261 1.000 0.373 -0.103 0.000 -0.049 -0.159 0.000 0.000 0.000
1.709 0.255 1.000 0.370 -0.111 0.000 -0.066 -0.163 0.000 0.000 0.000
1.728 0.250 1.000 0.366 -0.119 0.000 -0.084 -0.166 0.000 0.000 0.000
1.746 0.243 1.000 0.362 -0.127 0.000 -0.102 -0.169 0.000 0.000 0.000
1.764 0.237 1.000 0.356 -0.136 0.000 -0.121 -0.172 0.000 0.000 0.000
1.782 0.230 1.000 0.350 -0.144 0.000 -0.140 -0.173 0.000 0.000 0.000
1.799 0.222 1.000 0.342 -0.153 0.000 -0.160 -0.174 0.000 0.000 0.000
1.816 0.215 1.000 0.334 -0.162 0.000 -0.180 -0.175 0.000 0.000 0.000
1.832 0.206 1.000 0.324 -0.171 0.000 -0.200 -0.175 0.000 0.000 0.000
1.848 0.198 1.000 0.314 -0.179 0.000 -0.219 -0.174 0.000 0.000 0.000
1.864 0.188 1.000 0.302 -0.188 0.000 -0.239 -0.172 0.000 0.000 0.000
1.878 0.179 1.000 0.290 -0.196 0.000 -0.258 -0.169 0.000 0.000 0.000
1.893 0.169 1.000 0.276 -0.205 0.000 -0.277 -0.166 0.000 0.000 0.000
1.906 0.158 1.000 0.262 -0.213 0.000 -0.295 -0.162 0.000 0.000 0.000
1.919 0.147 1.000 0.247 -0.221 0.000 -0.313 -0.157 0.000 0.000 0.000
1.931 0.136 1.000 0.231 -0.229 0.000 -0.330 -0.151 0.000 0.000 0.000
1.942 0.125 1.000 0.214 -0.236 0.000 -0.345 -0.145 0.000 0.000 0.000
1.952 0.113 1.000 0.196 -0.243 0.000 -0.360 -0.137 0.000 0.000 0.000
1.961 0.100 1.000 0.178 -0.250 0.000 -0.374 -0.129 0.000 0.000 0.000
1.970 0.088 1.000 0.159 -0.256 0.000 -0.386 -0.120 0.000 0.000 0.000
1.977 0.075 1.000 0.139 -0.262 0.000 -0.397 -0.110 0.000 0.000 0.000
1.984 0.061 1.000 0.119 -0.267 0.000 -0.407 -0.099 0.000 0.000 0.000
1.989 0.048 1.000 0.099 -0.272 0.000 -0.415 -0.088 0.000 0.000 0.000
1.994 0.034 1.000 0.078 -0.276 0.000 -0.422 -0.076 0.000 0.000 0.000
1.997 0.020 1.000 0.056 -0.279 0.000 -0.427 -0.063 0.000 0.000 0.000
1.999 0.006 1.000 0.035 -0.282 0.000 -0.431 -0.049 0.000 0.000 0.000
2.001 -0.008 1.000 0.013 -0.284 0.000 -0.433 -0.035 0.000 0.000 0.000
2.001 -0.022 1.000 -0.008 -0.286 0.000 -0.433 -0.021 0.000 0.000 0.000
2.000 -0.036 1.000 -0.030 -0.286 0.000 -0.432 -0.006 0.000 0.000 0.000
1.998 -0.051 1.000 -0.051 -0.286 0.000 -0.430 0.010 0.000 0.000 0.000
1.995 -0.065 1.000 -0.073 -0.285 0.000 -0.426 0.025 0.000 0.000 0.000
1.990 -0.079 1.000 -0.094 -0.284 0.000 -0.420 0.041 0.000 0.000 0.000
1.985 -0.093 1.000 -0.115 -0.281 0.000 -0.413 0.057 0.000 0.000 0.000
1.979 -0.107 1.000 -0.135 -0.278 0.000 -0.405 0.073 0.000 0.000 0.000
1.972 -0.121 1.000 -0.155 -0.274 0.000 -0.396 0.089 0.000 0.000 0.000
1.963 -0.135 1.000 -0.175 -0.269 0.000 -0.385 0.104 0.000 0.000 0.000
1.954 -0.148 1.000 -0.194 -0.264 0.000 -0.374 0.119 0.000 0.000 0.000
1.944 -0.161 1.000 -0.212 -0.257 0.000 -0.362 0.134 0.000 0.000 0.000
1.933 -0.174 1.000 -0.230 -0.250 0.000 -0.349 0.149 0.000 0.000 0.000
1.921 -0.186 1.000 -0.247 -0.242 0.000 -0.335 0.162 0.000 0.000 0.000
1.908 -0.198 1.000 -0.264 -0.234 0.000 -0.321 0.175 0.000 0.000 0.000
1.895 -0.209 1.000 -0.279 -0.225 0.000 -0.306 0.187 0.000 0.000 0.000
1.880 -0.220 1.000 -0.294 -0.215 0.000 -0.291 0.199 0.000 0.000 0.000
1.865 -0.231 1.000 -0.308 -0.205 0.000 -0.276 0.209 0.000 0.000 0.000
1.850 -0.241 1.000 -0.322 -0.194 0.000 -0.260 0.218 0.000 0.000 0.000
1.833 -0.250 1.000 -0.334 -0.183 0.000 -0.245 0.226 0.000 0.000 0.000
1.816 -0.259 1.000 -0.346 -0.172 0.000 -0.230 0.233 0.000 0.000 0.000
1.799 -0.267 1.000 -0.357 -0.160 0.000 -0.215 0.238 0.000 0.000 0.000
1.780 -0.275 1.000 -0.368 -0.148 0.000 -0.201 0.242 0.000 0.000 0.000
1.762 -0.282 1.000 -0.377 -0.136 0.000 -0.186 0.244 0.000 0.000 0.000
1.743 -0.289 1.000 -0.386 -0.124 0.000 -0.173 0.246 0.000 0.000 0.000
1.723 -0.295 1.000 -0.395 -0.111 0.000 -0.160 0.245 0.000 0.000 0.000
1.703 -0.300 1.000 -0.402 -0.099 0.000 -0.147 0.243 0.000 0.000 0.000
1.683 -0.305 1.000 -0.409 -0.087 0.000 -0.135 0.240 0.000 0.000 0.000
1.662 -0.309 1.000 -0.416 -0.075 0.000 -0.124 0.235 0.000 0.000 0.000
1.641 -0.312 1.000 -0.422 -0.063 0.000 -0.114 0.229 0.000 0.000 0.000
1.620 -0.315 1.000 -0.427 -0.052 0.000 -0.104 0.221 0.000 0.000 0.000
1.599 -0.317 1.000 -0.432 -0.041 0.000 -0.095 0.212 0.000 0.000 0.000
1.577 -0.319 1.000 -0.437 -0.031 0.000 -0.087 0.202 0.000 0.000 0.000
1.555 -0.320 1.000 -0.441 -0.021 0.000 -0.080 0.190 0.000 0.000 0.000
1.533 -0.321 1.000 -0.445 -0.012 0.000 -0.073 0.178 0.000 0.000 0.000
1.510 -0.322 1.000 -0.448 -0.003 0.000 -0.067 0.164 0.000 0.000 0.000
1.488 -0.322 1.000 -0.452 0.004 0.000 -0.062 0.149 0.000 0.000 0.000
1.465 -0.321 1.000 -0.455 0.011 0.000 -0.057 0.133 0.000 0.000 0.000
1.442 -0.320 1.000 -0.457 0.018 0.000 -0.052 0.116 0.000 0.000 0.000
1.420 -0.319 1.000 -0.460 0.023 0.000 -0.048 0.099 0.000 0.000 0.000
1.396 -0.318 1.000 -0.462 0.028 0.000 -0.045 0.081 0.000 0.000 0.000
1.373 -0.317 1.000 -0.464 0.031 0.000 -0.042 0.063 0.000 0.000 0.000
1.350 -0.315 1.000 -0.466 0.034 0.000 -0.039 0.044 0.000 0.000 0.000
1.327 -0.313 1.000 -0.468 0.036 0.000 -0.036 0.025 0.000 0.000 0.000
1.303 -0.311 1.000 -0.470 0.036 0.000 -0.034 0.005 0.000 0.000 0.000
1.280 -0.310 1.000 -0.472 0.036 0.000 -0.032 -0.014 0.000 0.000 0.000
1.256 -0.308 1.000 -0.473 0.035 0.000 -0.029 -0.033 0.000 0.000 0.000
1.232 -0.306 1.000 -0.475 0.033 0.000 -0.027 -0.052 0.000 0.000 0.000
1.209 -0.305 1.000 -0.476 0.030 0.000 -0.024 -0.071 0.000 0.000 0.000
1.185 -0.303 1.000 -0.477 0.026 0.000 -0.021 -0.089 0.000 0.000 0.000
1.161 -0.302 1.000 -0.478 0.021 0.000 -0.018 -0.107 0.000 0.000 0.000
1.137 -0.301 1.000 -0.479 0.015 0.000 -0.015 -0.124 0.000 0.000 0.000
1.113 -0.301 1.000 -0.479 0.008 0.000 -0.011 -0.140 0.000 0.000 0.000
1.089 -0.300 1.000 -0.480 0.001 0.000 -0.007 -0.155 0.000 0.000 0.000
1.065 -0.301 1.000 -0.480 -0.007 0.000 -0.003 -0.170 0.000 0.000 0.000
1.041 -0.301 1.000 -0.480 -0.016 0.000 0.002 -0.183 0.000 0.000 0.000
1.017 -0.302 1.000 -0.480 -0.025 0.000 0.008 -0.195 0.000 0.000 0.000
0.993 -0.304 1.000 -0.479 -0.035 0.000 0.014 -0.206 0.000 0.000 0.000
0.969 -0.306 1.000 -0.479 -0.046 0.000 0.021 -0.216 0.000 0.000 0.000
0.945 -0.308 1.000 -0.477 -0.057 0.000 0.028 -0.224 0.000 0.000 0.000
0.921 -0.311 1.000 -0.476 -0.068 0.000 0.036 -0.231 0.000 0.000 0.000
0.898 -0.315 1.000 -0.474 -0.080 0.000 0.045 -0.237 0.000 0.000 0.000
0.874 -0.319 1.000 -0.471 -0.092 0.000 0.054 -0.241 0.000 0.000 0.000
0.850 -0.324 1.000 -0.468 -0.104 0.000 0.063 -0.244 0.000 0.000 0.000
0.827 -0.330 1.000 -0.465 -0.116 0.000 0.074 -0.245 0.000 0.000 0.000
0.804 -0.336 1.000 -0.461 -0.129 0.000 0.084 -0.244 0.000 0.000 0.000
0.781 -0.343 1.000 -0.457 -0.141 0.000 0.095 -0.243 0.000 0.000 0.000
0.758 -0.350 1.000 -0.451 -0.153 0.000 0.106 -0.240 0.000 0.000 0.000
0.736 -0.358 1.000 -0.446 -0.165 0.000 0.118 -0.235 0.000 0.000 0.000
0.714 -0.367 1.000 -0.440 -0.176 0.000 0.129 -0.229 0.000 0.000 0.000
0.692 -0.376 1.000 -0.433 -0.188 0.000 0.141 -0.222 0.000 0.000 0.000
0.671 -0.385 1.000 -0.426 -0.199 0.000 0.153 -0.214 0.000 0.000 0.000
0.649 -0.395 1.000 -0.418 -0.209 0.000 0.164 -0.205 0.000 0.000 0.000
0.629 -0.406 1.000 -0.409 -0.219 0.000 0.175 -0.194 0.000 0.000 0.000
0.609 -0.417 1.000 -0.400 -0.228 0.000 0.186 -0.183 0.000 0.000 0.000
0.589 -0.429 1.000 -0.391 -0.237 0.000 0.196 -0.171 0.000 0.000 0.000
0.569 -0.441 1.000 -0.381 -0.246 0.000 0.205 -0.158 0.000 0.000 0.000
0.551 -0.454 1.000 -0.370 -0.253 0.000 0.214 -0.145 0.000 0.000 0.000
0.532 -0.466 1.000 -0.359 -0.260 0.000 0.221 -0.131 0.000 0.000 0.000
0.515 -0.480 1.000 -0.348 -0.266 0.000 0.228 -0.117 0.000 0.000 0.000
0.498 -0.493 1.000 -0.337 -0.272 0.000 0.233 -0.103 0.000 0.000 0.000
0.481 -0.507 1.000 -0.325 -0.277 0.000 0.237 -0.088 0.000 0.000 0.000
0.465 -0.521 1.000 -0.313 -0.281 0.000 0.240 -0.074 0.000 0.000 0.000
0.450 -0.535 1.000 -0.301 -0.284 0.000 0.241 -0.059 0.000 0.000 0.000
0.435 -0.549 1.000 -0.289 -0.287 0.000 0.240 -0.045 0.000 0.000 0.000
0.421 -0.563 1.000 -0.277 -0.288 0.000 0.238 -0.031 0.000 0.000 0.000
0.407 -0.578 1.000 -0.265 -0.290 0.000 0.234 -0.018 0.000 0.000 0.000
0.394 -0.592 1.000 -0.253 -0.290 0.000 0.228 -0.005 0.000 0.000 0.000
0.382 -0.607 1.000 -0.242 -0.290 0.000 0.220 0.008 0.000 0.000 0.000
0.370 -0.621 1.000 -0.231 -0.289 0.000 0.210 0.019 0.000 0.000 0.000
0.359 -0.636 1.000 -0.221 -0.288 0.000 0.199 0.030 0.000 0.000 0.000
0.348 -0.650 1.000 -0.212 -0.286 0.000 0.185 0.040 0.000 0.000 0.000
0.338 -0.664 1.000 -0.203 -0.284 0.000 0.169 0.049 0.000 0.000 0.000
0.328 -0.679 1.000 -0.195 -0.282 0.000 0.151 0.057 0.000 0.000 0.000
0.318 -0.693 1.000 -0.188 -0.278 0.000 0.131 0.064 0.000 0.000 0.000
0.309 -0.706 1.000 -0.182 -0.275 0.000 0.110 0.070 0.000 0.000 0.000
0.300 -0.720 1.000 -0.177 -0.272 0.000 0.086 0.074 0.000 0.000 0.000
0.291 -0.734 1.000 -0.173 -0.268 0.000 0.061 0.078 0.000 0.000 0.000
0.283 -0.747 1.000 -0.171 -0.264 0.000 0.034 0.080 0.000 0.000 0.000
0.274 -0.760 1.000 -0.170 -0.260 0.000 0.005 0.081 0.000 0.000 0.000
0.266 -0.773 1.000 -0.170 -0.256 0.000 -0.025 0.081 0.000 0.000 0.000
0.257 -0.786 1.000 -0.172 -0.252 0.000 -0.056 0.080 0.000 0.000 0.000
0.248 -0.798 1.000 -0.176 -0.248 0.000 -0.088 0.077 0.000 0.000 0.000
0.240 -0.810 1.000 -0.181 -0.244 0.000 -0.122 0.074 0.000 0.000 0.000
0.230 -0.822 1.000 -0.188 -0.240 0.000 -0.155 0.070 0.000 0.000 0.000
0.221 -0.834 1.000 -0.197 -0.237 0.000 -0.189 0.065 0.000 0.000 0.000
0.211 -0.846 1.000 -0.207 -0.234 0.000 -0.224 0.059 0.000 0.000 0.000
0.200 -0.858 1.000 -0.219 -0.231 0.000 -0.258 0.052 0.000 0.000 0.000
0.189 -0.869 1.000 -0.233 -0.229 0.000 -0.291 0.044 0.000 0.000 0.000
0.177 -0.881 1.000 -0.248 -0.227 0.000 -0.325 0.036 0.000 0.000 0.000
0.164 -0.892 1.000 -0.265 -0.225 0.000 -0.357 0.028 0.000 0.000 0.000
0.150 -0.903 1.000 -0.284 -0.224 0.000 -0.388 0.019 0.000 0.000 0.000
0.135 -0.914 1.000 -0.304 -0.223 0.000 -0.418 0.010 0.000 0.000 0.000
0.120 -0.925 1.000 -0.326 -0.223 0.000 -0.446 0.001 0.000 0.000 0.000
0.103 -0.937 1.000 -0.349 -0.223 0.000 -0.472 -0.008 0.000 0.000 0.000
0.085 -0.948 1.000 -0.373 -0.224 0.000 -0.496 -0.017 0.000 0.000 0.000
0.066 -0.959 1.000 -0.398 -0.225 0.000 -0.518 -0.026 0.000 0.000 0.000
0.045 -0.970 1.000 -0.425 -0.226 0.000 -0.537 -0.035 0.000 0.000 0.000
0.023 -0.982 1.000 -0.452 -0.228 0.000 -0.553 -0.043 0.000 0.000 0.000
-0.000 -0.993 1.000 -0.480 -0.231 0.000 -0.566 -0.051 0.000 0.000 0.000
-0.025 -1.005 1.000 -0.508 -0.233 0.000 -0.575 -0.058 0.000 0.000 0.000
-0.051 -1.016 1.000 -0.537 -0.236 0.000 -0.581 -0.064 0.000 0.000 0.000
-0.079 -1.028 1.000 -0.566 -0.240 0.000 -0.584 -0.070 0.000 0.000 0.000
-0.108 -1.040 1.000 -0.596 -0.243 0.000 -0.582 -0.074 0.000 0.000 0.000
-0.138 -1.053 1.000 -0.625 -0.247 0.000 -0.577 -0.078 0.000 0.000 0.000
-0.170 -1.065 1.000 -0.653 -0.251 0.000 -0.567 -0.081 0.000 0.000 0.000
-0.203 -1.078 1.000 -0.681 -0.255 0.000 -0.554 -0.082 0.000 0.000 0.000
-0.238 -1.091 1.000 -0.708 -0.259 0.000 -0.536 -0.082 0.000 0.000 0.000
-0.274 -1.104 1.000 -0.735 -0.264 0.000 -0.514 -0.081 0.000 0.000 0.000
-0.312 -1.117 1.000 -0.760 -0.267 0.000 -0.487 -0.078 0.000 0.000 0.000
-0.350 -1.131 1.000 -0.783 -0.271 0.000 -0.456 -0.075 0.000 0.000 0.000
-0.390 -1.144 1.000 -0.805 -0.275 0.000 -0.421 -0.069 0.000 0.000 0.000
-0.431 -1.158 1.000 -0.825 -0.278 0.000 -0.382 -0.063 0.000 0.000 0.000
-0.472 -1.172 1.000 -0.843 -0.281 0.000 -0.339 -0.055 0.000 0.000 0.000
-0.515 -1.186 1.000 -0.859 -0.284 0.000 -0.291 -0.045 0.000 0.000 0.000
-0.558 -1.200 1.000 -0.872 -0.286 0.000 -0.240 -0.034 0.000 0.000 0.000
-0.602 -1.215 1.000 -0.883 -0.287 0.000 -0.186 -0.022 0.000 0.000 0.000
-0.647 -1.229 1.000 -0.891 -0.288 0.000 -0.128 -0.009 0.000 0.000 0.000
-0.691 -1.243 1.000 -0.896 -0.288 0.000 -0.068 0.006 0.000 0.000 0.000
-0.736 -1.258 1.000 -0.898 -0.287 0.000 -0.005 0.021 0.000 0.000 0.000
-0.781 -1.272 1.000 -0.896 -0.286 0.000 0.061 0.038 0.000 0.000 0.000
-0.826 -1.286 1.000 -0.892 -0.283 0.000 0.128 0.055 0.000 0.000 0.000
-0.870 -1.301 1.000 -0.884 -0.280 0.000 0.196 0.074 0.000 0.000 0.000
-0.914 -1.314 1.000 -0.872 -0.276 0.000 0.265 0.093 0.000 0.000 0.000
-0.957 -1.328 1.000 -0.857 -0.271 0.000 0.333 0.112 0.000 0.000 0.000
-1.000 -1.342 1.000 -0.839 -0.265 0.000 0.402 0.131 0.000 0.000 0.000
-1.041 -1.355 1.000 -0.817 -0.258 0.000 0.468 0.150 0.000 0.000 0.000
-1.081 -1.367 1.000 -0.792 -0.250 0.000 0.533 0.169 0.000 0.000 0.000
-1.120 -1.380 1.000 -0.764 -0.241 0.000 0.595 0.187 0.000 0.000 0.000
-1.158 -1.391 1.000 -0.732 -0.231 0.000 0.653 0.205 0.000 0.000 0.000
-1.193 -1.403 1.000 -0.698 -0.221 0.000 0.706 0.221 0.000 0.000 0.000
-1.227 -1.413 1.000 -0.662 -0.209 0.000 0.754 0.236 0.000 0.000 0.000
-1.260 -1.424 1.000 -0.623 -0.197 0.000 0.796 0.249 0.000 0.000 0.000
-1.290 -1.433 1.000 -0.582 -0.184 0.000 0.831 0.260 0.000 0.000 0.000
-1.318 -1.442 1.000 -0.540 -0.171 0.000 0.857 0.268 0.000 0.000 0.000
-1.344 -1.450 1.000 -0.497 -0.157 0.000 0.876 0.274 0.000 0.000 0.000
-1.367 -1.458 1.000 -0.453 -0.144 0.000 0.885 0.278 0.000 0.000 0.000
-1.389 -1.465 1.000 -0.409 -0.130 0.000 0.885 0.278 0.000 0.000 0.000
-1.408 -1.471 1.000 -0.364 -0.116 0.000 0.875 0.276 0.000 0.000 0.000
-1.425 -1.476 1.000 -0.321 -0.102 0.000 0.855 0.270 0.000 0.000 0.000
-1.440 -1.481 1.000 -0.279 -0.089 0.000 0.826 0.261 0.000 0.000 0.000
-1.453 -1.485 1.000 -0.239 -0.076 0.000 0.787 0.249 0.000 0.000 0.000
-1.464 -1.489 1.000 -0.201 -0.064 0.000 0.739 0.235 0.000 0.000 0.000
-1.473 -1.491 1.000 -0.165 -0.053 0.000 0.683 0.217 0.000 0.000 0.000
-1.481 -1.494 1.000 -0.132 -0.042 0.000 0.620 0.197 0.000 0.000 0.000
-1.487 -1.496 1.000 -0.103 -0.033 0.000 0.550 0.176 0.000 0.000 0.000
-1.491 -1.497 1.000 -0.077 -0.025 0.000 0.476 0.152 0.000 0.000 0.000
-1.495 -1.498 1.000 -0.056 -0.018 0.000 0.398 0.128 0.000 0.000 0.000
-1.497 -1.499 1.000 -0.038 -0.012 0.000 0.320 0.103 0.000 0.000 0.000
-1.498 -1.499 1.000 -0.023 -0.008 0.000 0.244 0.078 0.000 0.000 0.000
-1.499 -1.500 1.000 -0.013 -0.004 0.000 0.172 0.055 0.000 0.000 0.000
-1.500 -1.500 1.000 -0.006 -0.002 0.000 0.108 0.035 0.000 0.000 0.000
-1.500 -1.500 1.000 -0.002 -0.001 0.000 0.055 0.018 0.000 0.000 0.000
-1.500 -1.500 1.000 -0.000 -0.000 0.000 0.018 0.006 0.000 0.000 0.000
-1.500 -1.500 1.000 0.000 0.000 0.000 0.000 0.000 0.000 0.000 0.000
-1.500 -1.500 1.000 0.000 0.000 -0.006 0.000 0.000 -0.250 0.000 0.000
-1.500 -1.500 0.999 0.000 0.000 -0.025 0.000 0.000 -0.500 0.000 0.000
-1.500 -1.500 0.997 0.000 0.000 -0.050 0.000 0.000 -0.500 0.000 0.000
-1.500 -1.500 0.994 0.000 0.000 -0.075 0.000 0.000 -0.500 0.000 0.000
-1.500 -1.500 0.990 0.000 0.000 -0.100 0.000 0.000 -0.500 0.000 0.000
-1.500 -1.500 0.984 0.000 0.000 -0.125 0.000 0.000 -0.500 0.000 0.000
-1.500 -1.500 0.977 0.000 0.000 -0.150 0.000 0.000 -0.500 0.000 0.000
-1.500 -1.500 0.969 0.000 0.000 -0.175 0.000 0.000 -0.500 0.000 0.000
-1.500 -1.500 0.960 0.000 0.000 -0.200 0.000 0.000 -0.500 0.000 0.000
-1.500 -1.500 0.949 0.000 0.000 -0.225 0.000 0.000 -0.500 0.000 0.000
-1.500 -1.500 0.937 0.000 0.000 -0.250 0.000 0.000 -0.500 0.000 0.000
-1.500 -1.500 0.924 0.000 0.000 -0.275 0.000 0.000 -0.500 0.000 0.000
-1.500 -1.500 0.910 0.000 0.000 -0.300 0.000 0.000 -0.500 0.000 0.000
-1.500 -1.500 0.894 0.000 0.000 -0.325 0.000 0.000 -0.500 0.000 0.000
-1.500 -1.500 0.877 0.000 0.000 -0.350 0.000 0.000 -0.500 0.000 0.000
-1.500 -1.500 0.859 0.000 0.000 -0.375 0.000 0.000 -0.500 0.000 0.000
-1.500 -1.500 0.840 0.000 0.000 -0.400 0.000 0.000 -0.500 0.000 0.000
-1.500 -1.500 0.819 0.000 0.000 -0.425 0.000 0.000 -0.500 0.000 0.000
-1.500 -1.500 0.797 0.000 0.000 -0.450 0.000 0.000 -0.500 0.000 0.000
-1.500 -1.500 0.774 0.000 0.000 -0.475 0.000 0.000 -0.500 0.000 0.000
-1.500 -1.500 0.750 0.000 0.000 -0.494 0.000 0.000 -0.250 0.000 0.000
-1.500 -1.500 0.725 0.000 0.000 -0.500 0.000 0.000 0.000 0.000 0.000
-1.500 -1.500 0.700 0.000 0.000 -0.500 0.000 0.000 0.000 0.000 0.000
-1.500 -1.500 0.675 0.000 0.000 -0.500 0.000 0.000 0.000 0.000 0.000
-1.500 -1.500 0.650 0.000 0.000 -0.500 0.000 0.000 0.000 0.000 0.000
-1.500 -1.500 0.625 0.000 0.000 -0.500 0.000 0.000 0.000 0.000 0.000
-1.500 -1.500 0.600 0.000 0.000 -0.500 0.000 0.000 0.000 0.000 0.000
-1.500 -1.500 0.575 0.000 0.000 -0.500 0.000 0.000 0.000 0.000 0.000
-1.500 -1.500 0.550 0.000 0.000 -0.500 0.000 0.000 0.000 0.000 0.000
-1.500 -1.500 0.525 0.000 0.000 -0.500 0.000 0.000 0.000 0.000 0.000
-1.500 -1.500 0.500 0.000 0.000 -0.500 0.000 0.000 0.000 0.000 0.000
-1.500 -1.500 0.475 0.000 0.000 -0.500 0.000 0.000 0.000 0.000 0.000
-1.500 -1.500 0.450 0.000 0.000 -0.500 0.000 0.000 0.000 0.000 0.000
-1.500 -1.500 0.425 0.000 0.000 -0.500 0.000 0.000 0.000 0.000 0.000
-1.500 -1.500 0.400 0.000 0.000 -0.500 0.000 0.000 0.000 0.000 0.000
-1.500 -1.500 0.375 0.000 0.000 -0.500 0.000 0.000 0.000 0.000 0.000
-1.500 -1.500 0.350 0.000 0.000 -0.500 0.000 0.000 0.000 0.000 0.000
-1.500 -1.500 0.325 0.000 0.000 -0.500 0.000 0.000 0.000 0.000 0.000
-1.500 -1.500 0.300 0.000 0.000 -0.500 0.000 0.000 0.000 0.000 0.000
-1.500 -1.500 0.275 0.000 0.000 -0.500 0.000 0.000 0.000 0.000 0.000
-1.500 -1.500 0.250 0.000 0.000 -0.500 0.000 0.000 0.000 0.000 0.000
-1.500 -1.500 0.225 0.000 0.000 -0.500 0.000 0.000 0.000 0.000 0.000
-1.500 -1.500 0.200 0.000 0.000 -0.500 0.000 0.000 0.000 0.000 0.000
-1.500 -1.500 0.175 0.000 0.000 -0.500 0.000 0.000 0.000 0.000 0.000
-1.500 -1.500 0.150 0.000 0.000 -0.499 0.000 0.000 0.081 0.000 0.000
-1.500 -1.500 0.125 0.000 0.000 -0.489 0.000 0.000 0.331 0.000 0.000
-1.500 -1.500 0.101 0.000 0.000 -0.466 0.000 0.000 0.581 0.000 0.000
-1.500 -1.500 0.079 0.000 0.000 -0.431 0.000 0.000 0.831 0.000 0.000
-1.500 -1.500 0.058 0.000 0.000 -0.383 0.000 0.000 1.081 0.000 0.000
-1.500 -1.500 0.041 0.000 0.000 -0.323 0.000 0.000 1.331 0.000 0.000
-1.500 -1.500 0.026 0.000 0.000 -0.250 0.000 0.000 1.581 0.000 0.000
-1.500 -1.500 0.016 0.000 0.000 -0.177 0.000 0.000 1.331 0.000 0.000
-1.500 -1.500 0.008 0.000 0.000 -0.117 0.000 0.000 1.081 0.000 0.000
-1.500 -1.500 0.004 0.000 0.000 -0.069 0.000 0.000 0.831 0.000 0.000
-1.500 -1.500 0.001 0.000 0.000 -0.034 0.000 0.000 0.581 0.000 0.000
-1.500 -1.500 0.000 0.000 0.000 -0.011 0.000 0.000 0.331 0.000 0.000
-1.500 -1.500 -0.000 0.000 0.000 -0.001 0.000 0.000 0.081 0.000 0.000
