-1.5 1.5 0.000 0 0 0.000 0 0 0.000 0 0 

-1.5 1.5 0.000 0 0 0.006 0 0 0.250 0 0 

-1.5 1.5 0.001 0 0 0.025 0 0 0.500 0 0 

-1.5 1.5 0.003 0 0 0.056 0 0 0.750 0 0 

-1.5 1.5 0.007 0 0 0.100 0 0 1.000 0 0 

-1.5 1.5 0.013 0 0 0.156 0 0 1.250 0 0 

-1.5 1.5 0.023 0 0 0.225 0 0 1.500 0 0 

-1.5 1.5 0.036 0 0 0.301 0 0 1.412 0 0 

-1.5 1.5 0.052 0 0 0.365 0 0 1.162 0 0 

-1.5 1.5 0.072 0 0 0.417 0 0 0.912 0 0 

-1.5 1.5 0.094 0 0 0.456 0 0 0.662 0 0 

-1.5 1.5 0.117 0 0 0.483 0 0 0.412 0 0 

-1.5 1.5 0.142 0 0 0.497 0 0 0.162 0 0 

-1.5 1.5 0.167 0 0 0.500 0 0 0.000 0 0 

-1.5 1.5 0.192 0 0 0.500 0 0 0.000 0 0 

-1.5 1.5 0.217 0 0 0.500 0 0 0.000 0 0 

-1.5 1.5 0.242 0 0 0.500 0 0 0.000 0 0 

-1.5 1.5 0.267 0 0 0.500 0 0 0.000 0 0 

-1.5 1.5 0.292 0 0 0.500 0 0 0.000 0 0 

-1.5 1.5 0.317 0 0 0.500 0 0 0.000 0 0 

-1.5 1.5 0.342 0 0 0.500 0 0 0.000 0 0 

-1.5 1.5 0.367 0 0 0.500 0 0 0.000 0 0 

-1.5 1.5 0.392 0 0 0.500 0 0 0.000 0 0 

-1.5 1.5 0.417 0 0 0.500 0 0 0.000 0 0 

-1.5 1.5 0.442 0 0 0.500 0 0 0.000 0 0 

-1.5 1.5 0.467 0 0 0.500 0 0 0.000 0 0 

-1.5 1.5 0.492 0 0 0.500 0 0 0.000 0 0 

-1.5 1.5 0.517 0 0 0.500 0 0 0.000 0 0 

-1.5 1.5 0.542 0 0 0.500 0 0 0.000 0 0 

-1.5 1.5 0.567 0 0 0.500 0 0 0.000 0 0 

-1.5 1.5 0.592 0 0 0.500 0 0 0.000 0 0 

-1.5 1.5 0.617 0 0 0.500 0 0 0.000 0 0 

-1.5 1.5 0.642 0 0 0.500 0 0 0.000 0 0 

-1.5 1.5 0.667 0 0 0.500 0 0 0.000 0 0 

-1.5 1.5 0.692 0 0 0.500 0 0 0.000 0 0 

-1.5 1.5 0.717 0 0 0.500 0 0 0.000 0 0 

-1.5 1.5 0.742 0 0 0.497 0 0 -0.169 0 0 

-1.5 1.5 0.766 0 0 0.482 0 0 -0.419 0 0 

-1.5 1.5 0.790 0 0 0.458 0 0 -0.500 0 0 

-1.5 1.5 0.812 0 0 0.433 0 0 -0.500 0 0 

-1.5 1.5 0.833 0 0 0.408 0 0 -0.500 0 0 

-1.5 1.5 0.853 0 0 0.383 0 0 -0.500 0 0 

-1.5 1.5 0.872 0 0 0.358 0 0 -0.500 0 0 

-1.5 1.5 0.889 0 0 0.333 0 0 -0.500 0 0 

-1.5 1.5 0.905 0 0 0.308 0 0 -0.500 0 0 

-1.5 1.5 0.920 0 0 0.283 0 0 -0.500 0 0 

-1.5 1.5 0.933 0 0 0.258 0 0 -0.500 0 0 

-1.5 1.5 0.945 0 0 0.233 0 0 -0.500 0 0 

-1.5 1.5 0.956 0 0 0.208 0 0 -0.500 0 0 

-1.5 1.5 0.966 0 0 0.183 0 0 -0.500 0 0 

-1.5 1.5 0.975 0 0 0.158 0 0 -0.500 0 0 

-1.5 1.5 0.982 0 0 0.133 0 0 -0.500 0 0 

-1.5 1.5 0.988 0 0 0.108 0 0 -0.500 0 0 

-1.5 1.5 0.993 0 0 0.083 0 0 -0.500 0 0 

-1.5 1.5 0.996 0 0 0.058 0 0 -0.500 0 0 

-1.5 1.5 0.999 0 0 0.033 0 0 -0.500 0 0 

-1.5 1.5 1.000 0 0 0.011 0 0 -0.331 0 0 

-1.5 1.5 1.000 0 0 0.001 0 0 -0.081 0 0 

